4 0.302455 0.0449116 0.033806 0.084877
0 0.303282 0.0447991 0.0320704 0.0817812
4 0.30336 0.0473909 0.0329397 0.0827781
0 0.302801 0.0473641 0.0336752 0.0805127
0 0.301974 0.0449733 0.0346589 0.0861553
4 0.302217 0.0480043 0.0341452 0.0921316
0 0.29867 0.0465339 0.0346542 0.0835187
0 0.276176 0.0580172 0.0402438 0.109845
0 0.27327 0.0579523 0.042156 0.1123 1
0 0.273627 0.0575411 0.0398732 0.111812 1
0 0.272192 0.0568173 0.0399712 0.112521 1
0 0.27184 0.0576885 0.0405495 0.111854 1
0 0.267968 0.058193 0.0400212 0.115874 1
0 0.267554 0.0577993 0.0395047 0.115599 1
0 0.266939 0.0574599 0.0390551 0.114586 1
0 0.266542 0.0581695 0.0413031 0.116339 1
0 0.264202 0.059998 0.0398905 0.114185 1
0 0.263921 0.0584527 0.0396974 0.113849 1
0 0.263319 0.0587778 0.0403302 0.11614 1
0 0.262613 0.0594991 0.0394725 0.11487 1
0 0.260783 0.0586312 0.0392618 0.115407 1
0 0.260705 0.0585264 0.0385057 0.115802 1
0 0.259952 0.0577758 0.0370309 0.114327 1
0 0.259616 0.0582456 0.0364701 0.114823 1
0 0.258491 0.0584738 0.036782 0.115972 1
0 0.258787 0.0578075 0.0351566 0.115615 1
0 0.257934 0.058051 0.0353704 0.115705 1
0 0.257627 0.057777 0.0347555 0.115245 1
0 0.256398 0.0583496 0.0315019 0.113918
0 0.255987 0.0592921 0.0299455 0.112104
0 0.255917 0.0603529 0.0309404 0.113511
4 0.433892 0.0283431 0.0213722 0.0566861
4 0.434998 0.0298695 0.0217512 0.059739
4 0.436558 0.0299122 0.0224579 0.0598243
4 0.438094 0.029689 0.0244137 0.059378
4 0.450976 0.0304915 0.0250704 0.060983
4 0.451729 0.0316714 0.0257134 0.0633428
4 0.453597 0.0323896 0.0256666 0.0647793
4 0.454899 0.0320414 0.0273346 0.0640827
4 0.456192 0.0327451 0.0277469 0.0654902
4 0.457127 0.032687 0.0268248 0.0653739
4 0.457887 0.033384 0.027038 0.066768
4 0.45922 0.0328414 0.0246662 0.0656828
4 0.461056 0.0328669 0.0255077 0.0657338
4 0.463454 0.0332115 0.0249675 0.066423
4 0.465155 0.033539 0.0252771 0.0670781
4 0.465137 0.0333621 0.0263195 0.0667242
4 0.467053 0.0339679 0.0275213 0.0679357
4 0.467368 0.0338518 0.0282553 0.0677037
4 0.258186 0.06019 0.0294107 0.114318
4 0.469549 0.0346237 0.0286757 0.0692474
4 0.506737 0.0443297 0.0235035 0.0814362
4 0.290009 0.0537245 0.038051 0.106729
4 0.509352 0.0440699 0.0225376 0.0795586
4 0.292589 0.0531504 0.0376531 0.102632
4 0.509747 0.0456896 0.0215863 0.0786042
4 0.293753 0.0521011 0.0374725 0.101522
4 0.509796 0.0445827 0.0215293 0.0791074
4 0.293985 0.0500222 0.0375946 0.0973835
4 0.510446 0.0461534 0.0217812 0.0808151
4 0.2949 0.0483173 0.0382583 0.0922476
4 0.512733 0.0457259 0.0235806 0.0850231
4 0.296037 0.0467708 0.0368244 0.0899082
4 0.514135 0.0457307 0.0243217 0.085316
4 0.296336 0.0462335 0.0349649 0.087691
4 0.515367 0.0468787 0.0251491 0.0872265
4 0.297995 0.0438799 0.0326699 0.087304
4 0.515111 0.047062 0.0230989 0.0810828
4 0.517844 0.0466542 0.0254927 0.0832584
4 0.301474 0.0460506 0.0341744 0.0883101
0 0.301635 0.0453579 0.0353402 0.0883407
4 0.0831775 0.810954 0.0434276 0.144839
4 0.518431 0.0465807 0.02598 0.0819173
4 0.303309 0.046455 0.0366283 0.090411
4 0.51855 0.0455143 0.0270813 0.0836187
4 0.303223 0.0464569 0.034951 0.0890165
4 0.519822 0.0453842 0.0270875 0.0838975
4 0.303715 0.047463 0.0326516 0.0914185
4 0.525832 0.0448124 0.026635 0.0850731
4 0.304308 0.044909 0.0341028 0.0898181
0 0.305341 0.0431674 0.0330757 0.0863349
4 0.529601 0.0460852 0.0254671 0.0825021
4 0.304836 0.0438818 0.0341291 0.0877636
4 0.530786 0.0458148 0.0249617 0.0822267
4 0.304923 0.0449757 0.0358109 0.0899513
0 0.306111 0.0432365 0.0345523 0.0864731
4 0.530861 0.046938 0.0240179 0.0797136
4 0.306066 0.0428573 0.0323108 0.0857147
4 0.525402 0.0473609 0.0209141 0.0772227
0 0.306839 0.0426695 0.0299697 0.08516
4 0.531196 0.0458731 0.0235315 0.0790357 1
4 0.532329 0.0470518 0.0224039 0.079419 1
4 0.533891 0.0463575 0.0238429 0.0821607
0 0.309311 0.0408319 0.0322026 0.0783706
4 0.534767 0.0471986 0.0249081 0.084137
4 0.309566 0.0414455 0.0306326 0.0770254
4 0.538315 0.0486815 0.0261507 0.0843695
4 0.312085 0.0408107 0.0348102 0.0811943
4 0.539016 0.0470117 0.0266211 0.0852515
4 0.311895 0.0417751 0.034156 0.0835502
4 0.539151 0.0490033 0.0281673 0.0845253
0 0.312363 0.0406405 0.0313752 0.0812809
4 0.312566 0.0410567 0.0310237 0.0807641
4 0.53804 0.0496252 0.0277854 0.0814787
0 0.312715 0.0413496 0.0312052 0.0826993
4 0.31258 0.0419827 0.0304864 0.0813905
4 0.542986 0.0583409 0.0269136 0.0713987
4 0.315751 0.0397 0.0288035 0.077951
4 0.541964 0.054895 0.0277712 0.0742923
4 0.317043 0.0381765 0.0277885 0.076353
4 0.536889 0.0491858 0.0251788 0.0744172
4 0.546968 0.0554778 0.0289358 0.0802431
4 0.538054 0.0506347 0.0272064 0.0794996
0 0.317837 0.039142 0.0300182 0.0753898
4 0.552886 0.0579134 0.0223053 0.0755475
4 0.547016 0.0545605 0.0294582 0.073361
4 0.535261 0.0517785 0.0220188 0.0774192
4 0.552743 0.0578089 0.0218418 0.0749238
4 0.546572 0.0527244 0.0264767 0.0758607
4 0.553179 0.0565816 0.0229584 0.0775756
4 0.546588 0.052332 0.0271221 0.0771154
4 0.553059 0.057903 0.0233738 0.0779167
4 0.547291 0.0540191 0.0259384 0.0777011
4 0.553179 0.0583333 0.0250595 0.0794993
4 0.54652 0.0535385 0.0271601 0.0784153
4 0.553028 0.055828 0.0256104 0.0850643
4 0.561642 0.054023 0.026617 0.0859613
4 0.55603 0.0553199 0.0301464 0.0865381
4 0.574642 0.0597692 0.029458 0.0968416 1
4 0.574616 0.0594371 0.0295247 0.0970323 1
4 0.574505 0.0593924 0.0292075 0.0967593 1
4 0.574761 0.0589854 0.0294273 0.0973641
4 0.576172 0.0588832 0.031986 0.102146
4 0.57503 0.0582543 0.0291241 0.0974109
4 0.574998 0.0586903 0.0289484 0.0971174
4 0.575108 0.0584099 0.028965 0.0970806
4 0.57483 0.0588188 0.0286339 0.0958178
4 0.574917 0.0579858 0.0290993 0.0966081
4 0.429579 0.0350175 0.0263618 0.0624743
4 0.57612 0.0589428 0.0315025 0.101068
4 0.432149 0.0343413 0.0319551 0.0655229
4 0.575074 0.0584617 0.029291 0.0966399
4 0.433974 0.0351179 0.030307 0.0667553
4 0.574789 0.0588144 0.0286018 0.0952772
4 0.435897 0.035 0.028348 0.0676882
4 0.574854 0.0587119 0.0287466 0.0957036
4 0.439309 0.0348709 0.0291363 0.0690224
4 0.574743 0.0591035 0.0287612 0.0956407
4 0.440214 0.0349537 0.0285753 0.0687608
4 0.564818 0.0507148 0.0293588 0.0935847
4 0.478391 0.0360993 0.0246164 0.0689789
4 0.564362 0.0503074 0.0282136 0.0930189
4 0.480559 0.0359169 0.0237629 0.0681521
4 0.564176 0.0503979 0.0286446 0.0944106
4 0.481559 0.0361937 0.0233034 0.0686198
4 0.564546 0.0506196 0.0288816 0.0949558
4 0.481927 0.0362101 0.0233335 0.0684434
4 0.563367 0.0534696 0.0295275 0.0904282
4 0.48295 0.0375908 0.023539 0.0710328
4 0.561748 0.0523327 0.0257864 0.0892663
4 0.485223 0.0380105 0.0221939 0.0686627
4 0.561206 0.053084 0.0258045 0.0887993
4 0.48718 0.0373281 0.0233521 0.0703197
0 0.0221825 0.0494779 0.028844 0.0846556
4 0.560691 0.0545632 0.0268572 0.090422
4 0.560719 0.0540845 0.0267934 0.0906216
0 0.0237396 0.0499145 0.0255791 0.0802567
4 0.487818 0.037655 0.0234685 0.0691425
4 0.559664 0.055625 0.0252529 0.0877387
4 0.560508 0.051445 0.0266596 0.0884417
4 0.560285 0.0522854 0.0285061 0.0841868
4 0.558543 0.0513338 0.0254616 0.0839455
4 0.558336 0.0507871 0.0298822 0.0847831
4 0.50012 0.0367495 0.0242216 0.0650835
4 0.558144 0.0511201 0.0309177 0.0858245
4 0.500594 0.0372583 0.0241196 0.0662328
4 0.557756 0.0508785 0.0311746 0.0861555
4 0.501479 0.0374527 0.0231023 0.0664536
4 0.556541 0.0530638 0.0258833 0.0858745
4 0.553922 0.0530769 0.0230807 0.0834574
4 0.505139 0.0401716 0.0231329 0.0690715
4 0.553165 0.0528066 0.0224293 0.0833527
4 0.506314 0.0400741 0.0235311 0.0685088
4 0.552683 0.0526878 0.0224611 0.0838535
4 0.508322 0.0398486 0.0240786 0.0718883
4 0.551716 0.0514512 0.0212922 0.0831772
4 0.509592 0.0390463 0.0250793 0.0733066
4 0.55028 0.0504543 0.0231342 0.0860129
4 0.509427 0.0402063 0.0244436 0.0727501
4 0.550045 0.0508376 0.0229534 0.0865506
4 0.511184 0.0397665 0.0227316 0.0721355
4 0.549034 0.0505189 0.0237568 0.0862109
4 0.512133 0.0389902 0.0227077 0.0738281
0 0.0507379 0.0433916 0.0292665 0.0767152
4 0.548166 0.0492466 0.023864 0.0850661
4 0.512032 0.0388482 0.021524 0.0719075
0 0.0502103 0.0430308 0.0277649 0.0754176
4 0.512516 0.0396385 0.0210596 0.0739378
4 0.546426 0.049167 0.0255106 0.0850438
0 0.0501915 0.0438681 0.0259855 0.0721371
4 0.54567 0.0492526 0.0244335 0.0817237
4 0.512437 0.0405723 0.0212193 0.0751509
0 0.0502179 0.0434698 0.0240173 0.0716246
4 0.544174 0.0496438 0.0253177 0.0805215
4 0.513466 0.0410566 0.0212765 0.0753523
0 0.0495293 0.0433973 0.0242226 0.0719698
4 0.54264 0.0482245 0.0257863 0.0811423
0 0.0491241 0.0426563 0.0249545 0.0724296
4 0.51525 0.0406035 0.0233128 0.0751097
4 0.535561 0.0467013 0.026374 0.0805531
4 0.518034 0.0428411 0.0234606 0.0778606
4 0.533262 0.0457342 0.0279739 0.081397
4 0.519157 0.0420728 0.0241362 0.0791885
4 0.532184 0.0457266 0.0289058 0.0828405
4 0.523179 0.0430825 0.0268757 0.0802414
4 0.530453 0.0458985 0.0303317 0.0774983
4 0.523637 0.0432922 0.0278709 0.081383
4 0.522487 0.0434973 0.0269429 0.0849357
4 0.523252 0.0444108 0.0273571 0.0829075
4 0.524338 0.0444344 0.0274618 0.0825212
4 0.522988 0.0437817 0.0261329 0.0830517
4 0.52484 0.0444628 0.0285487 0.0889255
4 0.524602 0.0434183 0.0298203 0.0841306
3 0.389037 0.611445 0.183273 0.522072
4 0.524659 0.0437949 0.0300531 0.0848779
4 0.523678 0.0445719 0.0292011 0.0826325
4 0.521643 0.0450845 0.0288181 0.0856175
4 0.521594 0.0451651 0.0280733 0.0835783
4 0.519478 0.044527 0.0266312 0.079484
3 0.396136 0.638171 0.171545 0.478855
4 0.518704 0.0453059 0.0266662 0.0822532
3 0.406935 0.64946 0.156844 0.505902
4 0.516741 0.0427031 0.0255014 0.0772202
4 0.513572 0.0419199 0.0239231 0.077645
3 0.398762 0.640741 0.166317 0.509477
4 0.515607 0.0430984 0.0256163 0.0796291
3 0.407023 0.645901 0.151829 0.514204
4 0.51515 0.043691 0.0274132 0.0822035
4 0.508493 0.0423985 0.0260853 0.0781197
4 0.508002 0.0432551 0.0269762 0.0751604
3 0.40188 0.659217 0.154179 0.513114
4 0.505946 0.0421529 0.0264141 0.0774865
3 0.389291 0.642818 0.131264 0.494376
4 0.496084 0.0396339 0.0236272 0.0707897
3 0.403505 0.663321 0.155708 0.537324
4 0.495694 0.0382932 0.0239295 0.069894
3 0.397898 0.660194 0.145376 0.51933
4 0.49447 0.038818 0.0245092 0.0713957
4 0.528926 0.0447973 0.0257065 0.0805141
4 0.528856 0.0452083 0.0237795 0.0789085
4 0.492937 0.0382189 0.0238194 0.0689339
3 0.400406 0.657958 0.147846 0.520176 1
4 0.492599 0.0396718 0.0238838 0.0701375
4 0.530213 0.0446884 0.0236931 0.0795162
3 0.400802 0.649933 0.145992 0.50936
4 0.492039 0.039236 0.024699 0.0717742
4 0.529864 0.0443494 0.02604 0.0840628
3 0.404925 0.646037 0.147139 0.499554
4 0.489774 0.0392249 0.0245397 0.0723081
3 0.410418 0.650957 0.152769 0.514434
4 0.452313 0.0325586 0.0259314 0.0651172
4 0.52884 0.0439987 0.0257781 0.0841482
4 0.528916 0.0414207 0.0229168 0.071185
3 0.411098 0.648295 0.150886 0.507122
4 0.528915 0.0412884 0.0229877 0.07169
3 0.412346 0.648803 0.150508 0.513299
4 0.528807 0.041408 0.023102 0.0712643
4 0.528935 0.0413474 0.0230803 0.0712559
3 0.412256 0.64634 0.148234 0.500792
4 0.528902 0.0411043 0.0232004 0.07141
4 0.528834 0.0408765 0.0233218 0.0713066
3 0.412269 0.642549 0.145902 0.498582
4 0.528957 0.0406167 0.0234631 0.0713999
3 0.140755 0.662029 0.105384 0.28116 1
4 0.528911 0.0406922 0.0231338 0.0717044
3 0.140483 0.663465 0.105221 0.281539 1
4 0.528938 0.0406063 0.0233184 0.0721763
3 0.13965 0.66514 0.105898 0.281692 1
4 0.529324 0.0404867 0.023519 0.0723672
4 0.52932 0.0405043 0.0235071 0.0724979
3 0.138597 0.665874 0.107015 0.280644 1
4 0.529018 0.0399863 0.0243748 0.0720245
3 0.137952 0.670032 0.107411 0.281564 1
4 0.529099 0.0400422 0.0243434 0.0717022
3 0.136482 0.672027 0.110323 0.284936 1
4 0.528906 0.0399883 0.0246808 0.0713825
3 0.136352 0.67336 0.111233 0.284503 1
4 0.52891 0.0400624 0.0243128 0.0712014
4 0.529133 0.0402301 0.0245085 0.0711016
3 0.136377 0.674608 0.111655 0.283992 1
4 0.529189 0.0403392 0.0242243 0.0707852
3 0.135776 0.676645 0.112066 0.284199 1
4 0.528987 0.0402696 0.0244288 0.0715393
3 0.13527 0.677364 0.112162 0.282477 1
4 0.528964 0.0403264 0.0244877 0.0720079
3 0.134583 0.678485 0.112685 0.283653 1
4 0.529393 0.0411548 0.0252835 0.0751377
4 0.52936 0.0406079 0.0241821 0.0737273
3 0.134441 0.678844 0.112843 0.281269 1
4 0.529121 0.040423 0.0243429 0.0733962
3 0.134188 0.679648 0.113268 0.27985 1
4 0.529424 0.0403058 0.024118 0.0737845
3 0.134792 0.680659 0.11361 0.279459 1
4 0.529535 0.0404431 0.0241035 0.0738989
3 0.134416 0.680575 0.114198 0.278499 1
4 0.529163 0.0405941 0.0243238 0.0715533
4 0.529207 0.0407451 0.0241982 0.0716143
3 0.134383 0.680433 0.114444 0.278599 1
4 0.52899 0.0405378 0.0246266 0.072198
3 0.134533 0.679789 0.114825 0.278087 1
4 0.528744 0.0406094 0.0243244 0.0714115
3 0.134666 0.679444 0.114704 0.277586 1
4 0.52907 0.040347 0.0242073 0.0722251
4 0.529206 0.0404803 0.0238453 0.071064
3 0.134629 0.679485 0.115001 0.278326 1
4 0.529289 0.0409577 0.0233568 0.0701313
3 0.13466 0.679154 0.114999 0.277159 1
4 0.52946 0.0404897 0.0236016 0.0703796
3 0.134738 0.679584 0.11448 0.277335 1
4 0.529619 0.0406591 0.0235136 0.0702972
3 0.134455 0.679783 0.114833 0.278661 1
4 0.529847 0.0406879 0.0235337 0.0695109
4 0.529865 0.040298 0.023602 0.0700738
3 0.133018 0.678363 0.116772 0.281095 1
4 0.529895 0.0404632 0.0235487 0.0696986
3 0.1333 0.67936 0.113941 0.282108 1
4 0.529886 0.0407696 0.0227691 0.0686262
4 0.529998 0.0402592 0.0231646 0.0701969
3 0.133757 0.676867 0.113937 0.281381 1
4 0.529874 0.040308 0.023289 0.0696005
3 0.133079 0.675591 0.114182 0.286074 1
4 0.530021 0.0401525 0.0231915 0.069551
3 0.133868 0.674495 0.11415 0.286897 1
4 0.530056 0.0398075 0.0233817 0.0696928
4 0.529747 0.0397625 0.0234276 0.0702996
3 0.135086 0.672582 0.113266 0.286446 1
4 0.529721 0.0398119 0.0232954 0.06953
3 0.136687 0.670125 0.111066 0.285075 1
4 0.529572 0.0398361 0.0235968 0.0703259
3 0.137318 0.667649 0.11176 0.285603 1
4 0.529865 0.0399893 0.0236698 0.0705392
3 0.137534 0.664857 0.110898 0.282175 1
4 0.529822 0.0401139 0.0235995 0.0702437
4 0.529571 0.0402385 0.023413 0.0695194
3 0.137746 0.663663 0.110755 0.282847 1
4 0.529427 0.0400545 0.0235099 0.069373
3 0.138739 0.66149 0.109439 0.281348 1
4 0.529369 0.0398743 0.0235394 0.069356
3 0.138841 0.65978 0.107234 0.28201 1
4 0.529014 0.0400313 0.02325 0.068341
4 0.528626 0.0400419 0.022994 0.0680686
3 0.139926 0.657621 0.105722 0.280748 1
4 0.528621 0.0403687 0.0225001 0.0672353
3 0.140978 0.654822 0.103788 0.278277 1
4 0.529201 0.0406697 0.0221723 0.0662906
3 0.141563 0.65366 0.103203 0.279669 1
4 0.529138 0.0409046 0.0220417 0.0665191
4 0.529209 0.040786 0.0221104 0.0666595
3 0.141432 0.652898 0.102423 0.279932 1
4 0.529269 0.0408606 0.0220702 0.0669432
3 0.141694 0.651267 0.101926 0.281873 1
4 0.529231 0.0409694 0.0220926 0.0667439
3 0.142712 0.648898 0.102077 0.282296 1
4 0.528993 0.0406629 0.022084 0.0671753
3 0.142749 0.64735 0.101668 0.282788 1
4 0.528921 0.0408003 0.0219889 0.0674624
4 0.528882 0.0405867 0.0222524 0.0677436
3 0.142375 0.645387 0.101149 0.28215 1
4 0.528937 0.0403969 0.0225944 0.0680809
3 0.142857 0.642901 0.100907 0.278946 1
3 0.143282 0.642586 0.1004 0.280634 1
4 0.528736 0.040707 0.0224219 0.0677552
3 0.143662 0.641632 0.0994021 0.280401 1
4 0.528684 0.0407146 0.022464 0.0677619
4 0.528635 0.0406631 0.0224812 0.0678007
3 0.144515 0.640263 0.100154 0.280299 1
4 0.527858 0.0403339 0.0233395 0.0696614
3 0.144368 0.639321 0.100299 0.280473 1
4 0.527902 0.0401693 0.0235829 0.070072
3 0.145934 0.637882 0.0981759 0.27775 1
4 0.527933 0.0400398 0.0238209 0.0707249
3 0.146767 0.63588 0.0978585 0.275176 1
4 0.528081 0.0398379 0.0239777 0.0710059
3 0.147256 0.634956 0.0967544 0.273849 1
4 0.528274 0.0398247 0.0240996 0.0706048
3 0.147362 0.634119 0.0961252 0.272468 1
4 0.527989 0.0398022 0.0244507 0.0702432
4 0.527641 0.0396298 0.0246698 0.0704458
3 0.147488 0.632877 0.0953525 0.270781 1
4 0.527538 0.0395874 0.0246995 0.0706465
3 0.135821 0.660548 0.111256 0.2828 1
4 0.527324 0.0394271 0.0245932 0.0709779
3 0.145527 0.617162 0.101491 0.278461 1
3 0.430907 0.566373 0.121871 0.369065 2
4 0.527548 0.039234 0.0247183 0.0711445
4 0.527797 0.0394748 0.0246378 0.0705669
3 0.413622 0.559936 0.128874 0.342341 1
3 0.155987 0.609009 0.0945135 0.278632 2
4 0.528065 0.0393944 0.0246883 0.0706846
3 0.155024 0.609068 0.0952796 0.276999 1
4 0.528322 0.0393022 0.0245045 0.0702865
3 0.155057 0.6091 0.0950299 0.27688 1
4 0.528226 0.0393372 0.0242651 0.0702129
3 0.154979 0.609074 0.095273 0.27652 1
4 0.528093 0.0397023 0.023881 0.0698214
4 0.527887 0.0396299 0.0243753 0.0704384
3 0.155051 0.609342 0.0954916 0.276943 1
4 0.5278 0.0400356 0.0241522 0.0699694
4 0.527755 0.0399609 0.0241976 0.0699256
3 0.155155 0.609282 0.0953854 0.276395 1
4 0.527901 0.0400364 0.0242802 0.0701631
3 0.15511 0.609612 0.0953873 0.276973 1
4 0.528017 0.0400772 0.0242596 0.0705396
3 0.155137 0.609818 0.0954265 0.276781 1
4 0.527585 0.0403927 0.0237462 0.0706821
3 0.155227 0.609871 0.0960851 0.276799 1
4 0.527909 0.040065 0.0239071 0.0712847
4 0.527661 0.0398758 0.0242695 0.0715432
3 0.155182 0.609751 0.0960733 0.276382 1
4 0.527622 0.0398827 0.0242841 0.0717423
3 0.155207 0.609767 0.0961783 0.276049 1
4 0.527769 0.0398301 0.0242826 0.0719568
3 0.155281 0.609886 0.0962964 0.276203 1
4 0.527877 0.0402319 0.0241146 0.0719472
4 0.52803 0.0400199 0.0242538 0.0717264
3 0.15506 0.609941 0.0961232 0.275891 1
4 0.527963 0.0398009 0.0243936 0.0717908
3 0.155019 0.610228 0.0963798 0.276985 1
4 0.528113 0.0400885 0.0242044 0.0716382
3 0.154916 0.610142 0.0964837 0.276827 1
4 0.527957 0.0404266 0.024166 0.071926
4 0.528204 0.0404092 0.0243037 0.071895
3 0.403896 0.488953 0.103963 0.189333 1
3 0.154871 0.60993 0.0963994 0.27649 2
4 0.528024 0.0402708 0.0241287 0.0716689
3 0.155158 0.609841 0.0967093 0.276305 1
4 0.528239 0.0402588 0.0242004 0.0717834
4 0.528212 0.0401856 0.024094 0.072002
3 0.155033 0.609614 0.0969935 0.276067 1
4 0.528208 0.0401903 0.024148 0.0718929
3 0.154861 0.6093 0.0970086 0.276041 1
3 0.406828 0.48838 0.0975409 0.189263 2
4 0.528308 0.0404775 0.0249899 0.0735937
3 0.155081 0.608986 0.0976007 0.276138 1
4 0.528333 0.039997 0.0241286 0.0726718
3 0.154998 0.608957 0.0973934 0.275873 1
4 0.528454 0.0405091 0.0249269 0.0738774
4 0.528352 0.0405173 0.0250521 0.0742498
3 0.154914 0.609003 0.0973977 0.276318 1
4 0.528368 0.0405239 0.0250875 0.0742514
3 0.154983 0.609225 0.097373 0.276481 1
4 0.528491 0.040361 0.0232407 0.0719085
3 0.155169 0.609169 0.0973836 0.276288 1
4 0.528431 0.0400012 0.023411 0.0718341
3 0.155457 0.609327 0.0979226 0.276255 1
4 0.528176 0.0397316 0.0235946 0.0721244
4 0.527895 0.039571 0.0235865 0.0722301
3 0.155493 0.6094 0.0976228 0.275634 1
4 0.527869 0.0401786 0.0247128 0.0737386
3 0.15558 0.609548 0.097966 0.276512 1
4 0.528043 0.0397737 0.0234395 0.0717135
3 0.155608 0.609822 0.0978148 0.276623 1
4 0.528342 0.0397709 0.0236177 0.0717876
3 0.155634 0.60985 0.0980413 0.276828 1
4 0.52852 0.0396346 0.0237492 0.0721625
4 0.528197 0.0398405 0.0236224 0.0715703
3 0.155664 0.610125 0.0979327 0.276426 1
4 0.528179 0.0398176 0.0237272 0.0718807
3 0.155743 0.610148 0.0980023 0.276537 1
4 0.528271 0.0398924 0.0236631 0.0717351
3 0.155604 0.610229 0.0971164 0.275939 1
4 0.528305 0.0398464 0.0238213 0.0716998
3 0.155465 0.609742 0.0965108 0.2748 1
4 0.528142 0.0394387 0.0244234 0.0728769
4 0.527985 0.0399136 0.0234768 0.0715757
3 0.155391 0.609636 0.0965023 0.274143 1
4 0.527911 0.0399964 0.0234988 0.0716514
3 0.155286 0.609607 0.096155 0.273808 1
4 0.528028 0.0402325 0.0233275 0.0715299
3 0.155149 0.609782 0.0957994 0.27354 1
4 0.528355 0.0406191 0.0230142 0.0712556
4 0.528386 0.0405741 0.0232751 0.0714865
3 0.15524 0.609918 0.0962659 0.273403 1
4 0.528333 0.0402897 0.0235693 0.0720024
3 0.155045 0.610306 0.0966214 0.274698 1
4 0.528331 0.0405853 0.0233335 0.0714663
3 0.155115 0.610136 0.0968087 0.274175 1
4 0.528306 0.0406267 0.0231573 0.0709885
4 0.528559 0.0404309 0.0233896 0.0710736
3 0.155036 0.610243 0.096488 0.27361 1
4 0.52866 0.0405207 0.0234131 0.0712086
3 0.155122 0.61025 0.0964186 0.272993 1
4 0.52865 0.0403593 0.0235409 0.0716681
3 0.155215 0.610268 0.0964301 0.272789 1
4 0.528501 0.0407849 0.024496 0.0725904
4 0.528449 0.0409441 0.0241615 0.0719909
3 0.15579 0.610459 0.09739 0.272837 1
4 0.528702 0.0409836 0.0240175 0.0719293
3 0.155601 0.610532 0.0966628 0.272874 1
4 0.528504 0.0411872 0.0241928 0.0721601
3 0.155567 0.610451 0.0967416 0.273551 1
4 0.528483 0.0408978 0.0224427 0.0701878
4 0.528125 0.0408611 0.0223407 0.0704615
3 0.155243 0.610197 0.0958343 0.273306 1
4 0.528117 0.0409002 0.0223234 0.0702111
3 0.155373 0.609703 0.0953042 0.273032 1
4 0.528477 0.040369 0.0230955 0.0715481
3 0.155396 0.609524 0.095185 0.272467 1
4 0.528671 0.040314 0.0232451 0.0715895
4 0.528973 0.0398651 0.0239859 0.0732939
3 0.15561 0.609579 0.0955867 0.272695 1
4 0.529011 0.0399336 0.0238168 0.0723823
3 0.155955 0.609454 0.095526 0.271596 1
4 0.52926 0.0403234 0.0238552 0.0730195
4 0.529284 0.040106 0.0240499 0.0736307
3 0.155988 0.609139 0.0954603 0.270567 1
3 0.155318 0.609 0.0950098 0.270098 1
4 0.529547 0.0403917 0.0236797 0.0730902
4 0.529462 0.0401733 0.0238095 0.0736268
3 0.15533 0.609754 0.0955656 0.271345 1
4 0.529648 0.0398814 0.0239044 0.0739654
3 0.155022 0.610042 0.0965524 0.271878 1
4 0.529675 0.0408684 0.024621 0.0746562
3 0.154153 0.609943 0.0976464 0.271405 1
4 0.529087 0.0409455 0.0253098 0.0756231
3 0.153376 0.609534 0.0981714 0.271069 1
4 0.528816 0.0410861 0.0256008 0.0758356
4 0.528756 0.0403812 0.0239846 0.0747489
3 0.152831 0.609742 0.0992009 0.270796 1
4 0.527997 0.0412662 0.0226759 0.0719931
3 0.152285 0.610308 0.0991121 0.270614 1
4 0.527602 0.0412396 0.0230225 0.0726698
3 0.152213 0.610326 0.0990123 0.269444 1
4 0.527144 0.0422178 0.0243441 0.0738579
4 0.526955 0.0410293 0.0232963 0.0725756
3 0.151688 0.610418 0.100061 0.270742 1
4 0.526919 0.0419946 0.024561 0.0744031
3 0.150683 0.611587 0.100404 0.272395 1
4 0.526185 0.0422973 0.0241713 0.0744502
3 0.149733 0.612483 0.100692 0.272198 1
4 0.52604 0.0423071 0.0242031 0.0747495
3 0.149391 0.613232 0.101157 0.271429 1
4 0.525687 0.0424431 0.0239426 0.0746785
4 0.525938 0.0424262 0.0243439 0.0749627
3 0.148834 0.614663 0.102217 0.271501 1
4 0.525766 0.0424997 0.0245447 0.0750545
3 0.147139 0.616117 0.101872 0.275202 1
4 0.525664 0.042543 0.0237772 0.0739888
3 0.147301 0.615759 0.103057 0.27357 1
4 0.525837 0.0429953 0.023689 0.0734619
3 0.14592 0.617145 0.10383 0.276045 1
4 0.52549 0.0423987 0.0254457 0.0769263
3 0.144122 0.61933 0.102967 0.27714 1
4 0.526196 0.0428603 0.0238905 0.0756529
4 0.526524 0.043361 0.0238425 0.0759135
3 0.142925 0.620814 0.105195 0.276996 1
4 0.526215 0.0431557 0.0235095 0.0761108
3 0.143203 0.623977 0.10804 0.278029 1
4 0.526322 0.0440469 0.0236718 0.0777148
3 0.143148 0.628514 0.109499 0.282823 1
4 0.526286 0.0438913 0.0250899 0.081316
3 0.141648 0.633905 0.107931 0.290515 1
4 0.526109 0.0448877 0.0252124 0.0818299
3 0.140684 0.640212 0.108459 0.29878 1
4 0.525465 0.0444582 0.0244501 0.0789259
4 0.526001 0.0455534 0.0249588 0.0791906
3 0.138176 0.641123 0.106912 0.295015 1
4 0.526329 0.0454218 0.0255779 0.082493
3 0.137547 0.643643 0.108676 0.296393 1
4 0.539251 0.047721 0.0258719 0.0874827
3 0.135607 0.649098 0.108764 0.305101 1
4 0.540626 0.0487678 0.0269162 0.0904842
4 0.540805 0.0491946 0.0267117 0.0887106
3 0.133392 0.650967 0.105847 0.305099 1
4 0.541488 0.0492264 0.0258177 0.0893729
3 0.130038 0.652573 0.104364 0.304912
4 0.561667 0.484747 0.0713554 0.369096
3 0.30465 0.543483 0.161054 0.24662
4 0.541093 0.0514814 0.0246348 0.0848746
4 0.558243 0.491108 0.0781036 0.381856 1
4 0.542866 0.0518641 0.0257387 0.0849327
4 0.555179 0.494423 0.0820567 0.387164 1
4 0.543408 0.0528507 0.0250126 0.0830722
4 0.544449 0.052691 0.0270811 0.0905621
4 0.552964 0.497857 0.0827976 0.388384 1
4 0.544497 0.0530819 0.0270434 0.090112
4 0.551428 0.5003 0.0823114 0.390753
3 0.296171 0.543894 0.164392 0.242214
3 0.122791 0.665489 0.121185 0.309271
4 0.5452 0.0543219 0.0273375 0.0878206
3 0.292515 0.542242 0.167473 0.244325
4 0.550654 0.503013 0.0818809 0.389361
3 0.10813 0.697475 0.142811 0.369903
4 0.545462 0.0523886 0.0280766 0.0920161
4 0.545839 0.0527727 0.0275278 0.0875765
4 0.54761 0.507548 0.0791223 0.387232
3 0.29579 0.542194 0.15615 0.244977
3 0.103892 0.752748 0.152965 0.480045
3 0.119788 0.664757 0.126897 0.298777
4 0.545944 0.0533897 0.0265087 0.0831128
4 0.546186 0.509613 0.0768743 0.38499
3 0.288724 0.540389 0.168986 0.246779
3 0.100357 0.753058 0.147748 0.477296
4 0.54722 0.0544048 0.0246012 0.0820247
4 0.543676 0.510452 0.0800933 0.388695
3 0.286429 0.539952 0.172145 0.249952
3 0.0967796 0.754981 0.148327 0.476832
3 0.111896 0.66387 0.125086 0.290763
4 0.546594 0.0561637 0.025956 0.0798906
4 0.547222 0.0567817 0.0242133 0.0777061
4 0.549317 0.509929 0.104019 0.387908
3 0.28658 0.538564 0.172035 0.250953
3 0.115686 0.66215 0.116512 0.281875
4 0.547852 0.0632604 0.0244827 0.0713107
4 0.549618 0.0672621 0.0245661 0.0702885
4 0.550912 0.510614 0.111563 0.388825
3 0.279566 0.537559 0.186335 0.249445
3 0.115445 0.66311 0.114093 0.281511
4 0.551037 0.0658811 0.0248552 0.0762411
4 0.541491 0.513017 0.0949223 0.383826
3 0.278548 0.536119 0.185975 0.24945
3 0.114735 0.662458 0.114132 0.280026
4 0.552538 0.0660604 0.0255518 0.0775383
4 0.533155 0.512116 0.0793337 0.387762
3 0.276802 0.535068 0.185385 0.249546
3 0.115729 0.662577 0.118631 0.284576
4 0.553224 0.0653737 0.0262075 0.0811678
4 0.554445 0.0651089 0.0261056 0.082393
3 0.276731 0.534808 0.187579 0.252114
4 0.529797 0.513846 0.0779094 0.386961
3 0.117369 0.66516 0.124442 0.291158
4 0.555131 0.065041 0.0254267 0.0829298
3 0.276319 0.534912 0.188868 0.253384
4 0.527757 0.515399 0.0789564 0.389329
3 0.112794 0.665885 0.120657 0.290277
4 0.555428 0.0642818 0.025355 0.0821098
3 0.27622 0.534456 0.187447 0.255012
4 0.524876 0.515461 0.0817491 0.391096
3 0.112446 0.668343 0.121573 0.295376
4 0.556758 0.0625978 0.0249712 0.0845649
4 0.556945 0.0636429 0.0250239 0.0829861
3 0.276251 0.534066 0.186969 0.2556
3 0.111909 0.671062 0.120185 0.300303
4 0.520135 0.519191 0.0831387 0.400995
4 0.557153 0.064243 0.0250919 0.0839094
3 0.276811 0.533416 0.185605 0.255405
3 0.111497 0.675324 0.119468 0.308763
4 0.517323 0.524777 0.0812353 0.410576
4 0.557666 0.066995 0.026192 0.0837849
3 0.277091 0.532462 0.18538 0.255737
3 0.112993 0.676769 0.123249 0.310871
4 0.515673 0.538778 0.0796875 0.420144
4 0.558248 0.0705256 0.0259014 0.0796976
4 0.559264 0.0711811 0.026536 0.0827813
3 0.278023 0.532618 0.186148 0.255805
4 0.514414 0.545551 0.0793242 0.436792
3 0.113142 0.677089 0.119086 0.312871
4 0.560032 0.0714186 0.0280326 0.0854939
4 0.560982 0.0739199 0.0271341 0.080454
3 0.278192 0.532367 0.185906 0.256504
4 0.512344 0.552592 0.0797951 0.440298
3 0.112749 0.674218 0.115857 0.308103
4 0.561083 0.0736519 0.028359 0.0831322
4 0.562957 0.0716412 0.0304632 0.0878235
3 0.277768 0.533021 0.186021 0.259694
3 0.113646 0.67485 0.113236 0.30919
4 0.513338 0.55811 0.0755404 0.441583
0 0.519378 0.246986 0.081687 0.324078
4 0.56295 0.0722638 0.0310453 0.0876297
4 0.565187 0.0669669 0.0337696 0.0999099
3 0.277616 0.533039 0.18507 0.259882 1
4 0.565262 0.0651429 0.0371965 0.104733
3 0.277444 0.53288 0.184359 0.260225 1
4 0.569614 0.065519 0.0338289 0.105264
4 0.570022 0.0687572 0.0325891 0.103584
3 0.276263 0.532752 0.182897 0.260193
4 0.504822 0.562881 0.0811781 0.443069
0 0.519622 0.265632 0.080736 0.360405
3 0.11342 0.666059 0.117174 0.294023
3 0.101312 0.755573 0.140065 0.479416
4 0.571721 0.0681977 0.0314153 0.113283
4 0.573475 0.0698049 0.0313551 0.113687
3 0.276003 0.533129 0.182644 0.26038 1
4 0.574264 0.076561 0.0338911 0.112906
4 0.573443 0.0720156 0.0316326 0.117562
3 0.276149 0.533531 0.18385 0.261173 1
4 0.574121 0.0758845 0.0310031 0.112689
4 0.575628 0.0768796 0.0312189 0.108285
3 0.276209 0.533398 0.184304 0.260807 1
4 0.576524 0.0763806 0.028587 0.10967
4 0.57723 0.0775641 0.0296684 0.104422
3 0.277995 0.535527 0.184183 0.261451 1
4 0.578069 0.0775299 0.030047 0.105023
3 0.27755 0.534786 0.185188 0.260454
3 0.113907 0.663277 0.116614 0.292329
0 0.518256 0.277672 0.0746351 0.369878
3 0.103237 0.754095 0.136206 0.480444
4 0.492103 0.58053 0.0847655 0.414543
4 0.578541 0.076204 0.0306266 0.106564
4 0.578273 0.076428 0.0308912 0.11032
3 0.27842 0.534118 0.183415 0.259377
0 0.517373 0.278484 0.0733114 0.378965
3 0.113036 0.664724 0.117507 0.295649
4 0.48949 0.580678 0.0843967 0.413961
3 0.103741 0.754009 0.134826 0.47956
4 0.579615 0.0816398 0.0306067 0.10749
4 0.580368 0.085188 0.0301208 0.10158
3 0.27871 0.534156 0.181098 0.259574 1
4 0.579841 0.0888542 0.0297699 0.0963237
4 0.580599 0.0897786 0.0294148 0.0966772
3 0.277802 0.533893 0.182119 0.259569 1
4 0.5809 0.0913527 0.0289391 0.0965699
4 0.581007 0.0909871 0.0288868 0.0969789
3 0.276081 0.532604 0.18022 0.256546
0 0.517846 0.271667 0.0743196 0.37766
3 0.114013 0.669272 0.116693 0.298678
3 0.103366 0.756714 0.136646 0.475954
4 0.483581 0.578275 0.0858553 0.417249
4 0.582201 0.0928426 0.0282288 0.0947615
3 0.274498 0.53135 0.172353 0.2536
0 0.517879 0.265874 0.0754751 0.370256
3 0.0990604 0.756604 0.143737 0.470213
3 0.111514 0.672528 0.121174 0.296876
4 0.583555 0.0899088 0.0291487 0.0988871
4 0.583669 0.087228 0.0300523 0.101264
