4 0.302455 0.0449116 0.033806 0.084877
0 0.303282 0.0447991 0.0320704 0.0817812
4 0.30336 0.0473909 0.0329397 0.0827781
0 0.302801 0.0473641 0.0336752 0.0805127
0 0.301974 0.0449733 0.0346589 0.0861553
4 0.302217 0.0480043 0.0341452 0.0921316
0 0.29867 0.0465339 0.0346542 0.0835187
0 0.276176 0.0580172 0.0402438 0.109845
0 0.27327 0.0579523 0.042156 0.1123 1
0 0.273627 0.0575411 0.0398732 0.111812 1
0 0.272192 0.0568173 0.0399712 0.112521 1
0 0.27184 0.0576885 0.0405495 0.111854 1
0 0.267968 0.058193 0.0400212 0.115874 1
0 0.267554 0.0577993 0.0395047 0.115599 1
0 0.266939 0.0574599 0.0390551 0.114586 1
0 0.266542 0.0581695 0.0413031 0.116339 1
0 0.264202 0.059998 0.0398905 0.114185 1
0 0.263921 0.0584527 0.0396974 0.113849 1
0 0.263319 0.0587778 0.0403302 0.11614 1
0 0.262613 0.0594991 0.0394725 0.11487 1
0 0.260783 0.0586312 0.0392618 0.115407 1
0 0.260705 0.0585264 0.0385057 0.115802 1
0 0.259952 0.0577758 0.0370309 0.114327 1
0 0.259616 0.0582456 0.0364701 0.114823 1
0 0.258491 0.0584738 0.036782 0.115972 1
0 0.258787 0.0578075 0.0351566 0.115615 1
0 0.257934 0.058051 0.0353704 0.115705 1
0 0.257627 0.057777 0.0347555 0.115245 1
0 0.256398 0.0583496 0.0315019 0.113918
0 0.255987 0.0592921 0.0299455 0.112104
0 0.255917 0.0603529 0.0309404 0.113511
4 0.433892 0.0283431 0.0213722 0.0566861
4 0.434998 0.0298695 0.0217512 0.059739
4 0.436558 0.0299122 0.0224579 0.0598243
4 0.569794 0.302215 0.0570947 0.175893
4 0.438094 0.029689 0.0244137 0.059378
4 0.571944 0.304977 0.0577074 0.171911
4 0.575186 0.303858 0.0513293 0.165915
4 0.450976 0.0304915 0.0250704 0.060983
4 0.451729 0.0316714 0.0257134 0.0633428
3 0.59643 0.378588 0.050193 0.328623
4 0.453597 0.0323896 0.0256666 0.0647793
3 0.597074 0.362891 0.054968 0.299546
4 0.454899 0.0320414 0.0273346 0.0640827
4 0.456192 0.0327451 0.0277469 0.0654902
3 0.59748 0.364963 0.0566301 0.30433
4 0.457127 0.032687 0.0268248 0.0653739
3 0.597301 0.366393 0.0565149 0.305158
4 0.595451 0.360661 0.0535174 0.292286
4 0.457887 0.033384 0.027038 0.066768
3 0.593066 0.372558 0.0518799 0.333921 1
4 0.45922 0.0328414 0.0246662 0.0656828
3 0.593144 0.372617 0.0507092 0.333913 1
4 0.461056 0.0328669 0.0255077 0.0657338
4 0.463454 0.0332115 0.0249675 0.066423
3 0.593109 0.372138 0.0514849 0.334116 1
4 0.465155 0.033539 0.0252771 0.0670781
3 0.592986 0.372015 0.0513186 0.334392 1
4 0.465137 0.0333621 0.0263195 0.0667242
3 0.593211 0.372018 0.0511531 0.334221 1
4 0.467053 0.0339679 0.0275213 0.0679357
3 0.593141 0.372059 0.0512009 0.334063 1
4 0.467368 0.0338518 0.0282553 0.0677037
3 0.593168 0.371762 0.0517647 0.334704 1
4 0.258186 0.06019 0.0294107 0.114318
4 0.469549 0.0346237 0.0286757 0.0692474
4 0.506737 0.0443297 0.0235035 0.0814362
4 0.290009 0.0537245 0.038051 0.106729
3 0.593572 0.371478 0.0521851 0.335393 1
4 0.509352 0.0440699 0.0225376 0.0795586
4 0.292589 0.0531504 0.0376531 0.102632
3 0.593569 0.371388 0.0521863 0.335316 1
4 0.509747 0.0456896 0.0215863 0.0786042
4 0.293753 0.0521011 0.0374725 0.101522
3 0.593927 0.371332 0.0522556 0.334636 1
4 0.509796 0.0445827 0.0215293 0.0791074
4 0.293985 0.0500222 0.0375946 0.0973835
3 0.5938 0.37133 0.0525463 0.334773 1
4 0.510446 0.0461534 0.0217812 0.0808151
4 0.2949 0.0483173 0.0382583 0.0922476
3 0.593934 0.3715 0.0528522 0.334921 1
4 0.512733 0.0457259 0.0235806 0.0850231
4 0.296037 0.0467708 0.0368244 0.0899082
4 0.514135 0.0457307 0.0243217 0.085316
4 0.296336 0.0462335 0.0349649 0.087691
3 0.593679 0.371369 0.0539397 0.335598 1
4 0.515367 0.0468787 0.0251491 0.0872265
4 0.297995 0.0438799 0.0326699 0.087304
3 0.593432 0.371751 0.0541042 0.337316 1
4 0.515111 0.047062 0.0230989 0.0810828
4 0.517844 0.0466542 0.0254927 0.0832584
4 0.301474 0.0460506 0.0341744 0.0883101
0 0.301635 0.0453579 0.0353402 0.0883407
3 0.593551 0.372615 0.0551599 0.339992 1
4 0.518431 0.0465807 0.02598 0.0819173
4 0.303309 0.046455 0.0366283 0.090411
3 0.59339 0.374515 0.0559504 0.341773
3 0.486492 0.314775 0.0479683 0.260061
3 0.517218 0.199163 0.0558668 0.227224
4 0.51855 0.0455143 0.0270813 0.0836187
4 0.303223 0.0464569 0.034951 0.0890165
3 0.593608 0.376204 0.0556107 0.342776
3 0.486486 0.314931 0.047802 0.259918
3 0.517065 0.198511 0.0561065 0.22812
4 0.519822 0.0453842 0.0270875 0.0838975
4 0.303715 0.047463 0.0326516 0.0914185
4 0.525832 0.0448124 0.026635 0.0850731
4 0.304308 0.044909 0.0341028 0.0898181
0 0.305341 0.0431674 0.0330757 0.0863349
3 0.59348 0.377062 0.0549907 0.341452
3 0.486257 0.315662 0.0472151 0.260613
3 0.517084 0.198375 0.0562577 0.22801
4 0.529601 0.0460852 0.0254671 0.0825021
4 0.304836 0.0438818 0.0341291 0.0877636
3 0.593466 0.377298 0.054985 0.341048 1
4 0.530786 0.0458148 0.0249617 0.0822267
4 0.304923 0.0449757 0.0358109 0.0899513
0 0.306111 0.0432365 0.0345523 0.0864731
4 0.530861 0.046938 0.0240179 0.0797136
4 0.306066 0.0428573 0.0323108 0.0857147
4 0.525402 0.0473609 0.0209141 0.0772227
0 0.306839 0.0426695 0.0299697 0.08516
3 0.593432 0.377951 0.0546875 0.34066 1
4 0.531196 0.0458731 0.0235315 0.0790357 1
3 0.593299 0.378842 0.0546654 0.338908 1
4 0.532329 0.0470518 0.0224039 0.079419 1
3 0.594101 0.37896 0.0542318 0.339598 1
4 0.533891 0.0463575 0.0238429 0.0821607
0 0.309311 0.0408319 0.0322026 0.0783706
3 0.58591 0.383046 0.0650584 0.331379 1
4 0.534767 0.0471986 0.0249081 0.084137
4 0.309566 0.0414455 0.0306326 0.0770254
4 0.538315 0.0486815 0.0261507 0.0843695
4 0.312085 0.0408107 0.0348102 0.0811943
3 0.57967 0.422475 0.0680632 0.337114 1
4 0.539016 0.0470117 0.0266211 0.0852515
4 0.311895 0.0417751 0.034156 0.0835502
4 0.539151 0.0490033 0.0281673 0.0845253
0 0.312363 0.0406405 0.0313752 0.0812809
4 0.312566 0.0410567 0.0310237 0.0807641
0 0.490828 0.318167 0.0770337 0.254345
3 0.57592 0.442042 0.0813956 0.314693
4 0.53804 0.0496252 0.0277854 0.0814787
0 0.312715 0.0413496 0.0312052 0.0826993
4 0.31258 0.0419827 0.0304864 0.0813905
4 0.542986 0.0583409 0.0269136 0.0713987
4 0.315751 0.0397 0.0288035 0.077951
0 0.492247 0.31588 0.0823553 0.254677
3 0.572632 0.446105 0.0798361 0.325795
4 0.541964 0.054895 0.0277712 0.0742923
4 0.317043 0.0381765 0.0277885 0.076353
4 0.536889 0.0491858 0.0251788 0.0744172
3 0.571064 0.442062 0.0770663 0.332476
0 0.4906 0.318694 0.0789959 0.25402
4 0.546968 0.0554778 0.0289358 0.0802431
4 0.538054 0.0506347 0.0272064 0.0794996
0 0.317837 0.039142 0.0300182 0.0753898
3 0.565822 0.435926 0.0842888 0.342752
3 0.53737 0.437093 0.141299 0.338511
0 0.49001 0.317124 0.0766672 0.254945
0 0.535251 0.435619 0.148605 0.348276
4 0.552886 0.0579134 0.0223053 0.0755475
4 0.547016 0.0545605 0.0294582 0.073361
4 0.535261 0.0517785 0.0220188 0.0774192
4 0.552743 0.0578089 0.0218418 0.0749238
4 0.546572 0.0527244 0.0264767 0.0758607
3 0.561899 0.434183 0.0897599 0.344968
0 0.492129 0.316854 0.079796 0.255793
0 0.535675 0.433927 0.144478 0.351724
4 0.553179 0.0565816 0.0229584 0.0775756
4 0.546588 0.052332 0.0271221 0.0771154
0 0.493067 0.316777 0.0815997 0.25598
3 0.566587 0.43287 0.0778434 0.341126
3 0.540492 0.432582 0.1289 0.342552
4 0.553059 0.057903 0.0233738 0.0779167
4 0.547291 0.0540191 0.0259384 0.0777011
0 0.493898 0.315635 0.0828797 0.256121
3 0.538893 0.435713 0.128542 0.354997
3 0.564624 0.433801 0.0787193 0.348246
4 0.553179 0.0583333 0.0250595 0.0794993
4 0.54652 0.0535385 0.0271601 0.0784153
4 0.553028 0.055828 0.0256104 0.0850643
4 0.561642 0.054023 0.026617 0.0859613
0 0.493694 0.314608 0.0820357 0.256432
3 0.543102 0.435188 0.119355 0.355282
3 0.567415 0.432407 0.0721605 0.347556
4 0.55603 0.0553199 0.0301464 0.0865381
4 0.574642 0.0597692 0.029458 0.0968416 1
3 0.551998 0.4281 0.0997027 0.357899
0 0.493163 0.313228 0.0805699 0.258665
4 0.574616 0.0594371 0.0295247 0.0970323 1
3 0.568285 0.42433 0.0696728 0.352771
0 0.492113 0.312173 0.0794465 0.260067
3 0.537168 0.427404 0.127236 0.357256
4 0.574505 0.0593924 0.0292075 0.0967593 1
3 0.567861 0.424331 0.0699938 0.352765
0 0.491793 0.312986 0.0783789 0.258146
3 0.537428 0.427195 0.126594 0.358661
4 0.574761 0.0589854 0.0294273 0.0973641
3 0.567773 0.425329 0.0699974 0.351051
0 0.492033 0.31322 0.0789116 0.258953
3 0.538272 0.428325 0.12581 0.355544
4 0.576172 0.0588832 0.031986 0.102146
3 0.566068 0.427199 0.0682712 0.348529
3 0.537533 0.429606 0.124139 0.351546
0 0.492411 0.314476 0.0774342 0.258353
4 0.57503 0.0582543 0.0291241 0.0974109
4 0.574998 0.0586903 0.0289484 0.0971174
3 0.565624 0.432584 0.0668589 0.337603
3 0.537945 0.435726 0.120772 0.338793
0 0.492222 0.315105 0.078425 0.255568
4 0.575108 0.0584099 0.028965 0.0970806
3 0.564434 0.42962 0.0690404 0.341489
3 0.537453 0.431733 0.122645 0.344523
0 0.491976 0.3148 0.0786186 0.255488
4 0.57483 0.0588188 0.0286339 0.0958178
4 0.574917 0.0579858 0.0290993 0.0966081
4 0.429579 0.0350175 0.0263618 0.0624743
3 0.5634 0.42988 0.0694941 0.339061
0 0.492255 0.315106 0.079431 0.255817
3 0.537518 0.432319 0.121305 0.342662
4 0.57612 0.0589428 0.0315025 0.101068
4 0.432149 0.0343413 0.0319551 0.0655229
3 0.56267 0.427778 0.0675767 0.336923
0 0.492406 0.315834 0.0810684 0.252977
4 0.575074 0.0584617 0.029291 0.0966399
4 0.433974 0.0351179 0.030307 0.0667553
3 0.561498 0.428397 0.0679806 0.335905
0 0.491196 0.317307 0.0797527 0.249512
3 0.533612 0.432514 0.121065 0.351274
4 0.574789 0.0588144 0.0286018 0.0952772
4 0.435897 0.035 0.028348 0.0676882
3 0.540005 0.431296 0.110094 0.344366
0 0.491086 0.315957 0.0781868 0.252464
4 0.574854 0.0587119 0.0287466 0.0957036
4 0.439309 0.0348709 0.0291363 0.0690224
4 0.574743 0.0591035 0.0287612 0.0956407
4 0.440214 0.0349537 0.0285753 0.0687608
3 0.533743 0.431822 0.1185 0.343482
0 0.490472 0.316993 0.0773384 0.251165
3 0.560268 0.427189 0.0677803 0.334606
4 0.564818 0.0507148 0.0293588 0.0935847
4 0.478391 0.0360993 0.0246164 0.0689789
3 0.538755 0.449832 0.132155 0.276058 1
4 0.564362 0.0503074 0.0282136 0.0930189
4 0.480559 0.0359169 0.0237629 0.0681521
3 0.523602 0.859026 0.194116 0.278397
0 0.493458 0.304429 0.077511 0.270925
3 0.493251 0.304202 0.0781486 0.270104
4 0.564176 0.0503979 0.0286446 0.0944106
4 0.481559 0.0361937 0.0233034 0.0686198
0 0.496839 0.305423 0.0866529 0.276785
3 0.674392 0.330662 0.0487164 0.193399
3 0.494787 0.30491 0.0833469 0.276219
3 0.528061 0.212144 0.0493335 0.212612
4 0.564546 0.0506196 0.0288816 0.0949558
4 0.481927 0.0362101 0.0233335 0.0684434
4 0.563367 0.0534696 0.0295275 0.0904282
4 0.48295 0.0375908 0.023539 0.0710328
0 0.496614 0.305651 0.0865971 0.276364
3 0.673146 0.328742 0.0499711 0.194268
3 0.494567 0.305016 0.0834522 0.275704
4 0.561748 0.0523327 0.0257864 0.0892663
4 0.485223 0.0380105 0.0221939 0.0686627
0 0.496518 0.305332 0.0869057 0.277081
3 0.669279 0.313412 0.0442097 0.173656
4 0.561206 0.053084 0.0258045 0.0887993
4 0.48718 0.0373281 0.0233521 0.0703197
0 0.0221825 0.0494779 0.028844 0.0846556
0 0.496499 0.305135 0.0867497 0.277169
3 0.66697 0.31583 0.0441577 0.181631
4 0.560691 0.0545632 0.0268572 0.090422
0 0.49653 0.30523 0.0867001 0.277225
3 0.671482 0.321791 0.053471 0.185529
4 0.560719 0.0540845 0.0267934 0.0906216
0 0.0237396 0.0499145 0.0255791 0.0802567
4 0.487818 0.037655 0.0234685 0.0691425
0 0.496342 0.30515 0.0866758 0.277364
3 0.673225 0.320724 0.0586945 0.189231
4 0.559664 0.055625 0.0252529 0.0877387
4 0.560508 0.051445 0.0266596 0.0884417
0 0.496811 0.305148 0.0856693 0.276114
3 0.665111 0.314606 0.0453911 0.180709
3 0.494659 0.304992 0.0825204 0.27445
4 0.560285 0.0522854 0.0285061 0.0841868
3 0.66415 0.310908 0.0452773 0.17631
0 0.496819 0.305444 0.085617 0.275569
3 0.494546 0.305239 0.0823165 0.273995
4 0.558543 0.0513338 0.0254616 0.0839455
3 0.664243 0.311048 0.0460849 0.178587
0 0.496723 0.305221 0.0856949 0.27633
3 0.496371 0.305264 0.0852373 0.274245
4 0.558336 0.0507871 0.0298822 0.0847831
4 0.50012 0.0367495 0.0242216 0.0650835
4 0.558144 0.0511201 0.0309177 0.0858245
4 0.500594 0.0372583 0.0241196 0.0662328
3 0.663292 0.311309 0.0453331 0.180163
0 0.497109 0.305212 0.086003 0.276589
3 0.496741 0.305124 0.0855299 0.274785
4 0.557756 0.0508785 0.0311746 0.0861555
4 0.501479 0.0374527 0.0231023 0.0664536
3 0.660374 0.308818 0.0456795 0.174178
0 0.497135 0.305253 0.0858142 0.275954
3 0.49676 0.305038 0.0853138 0.274288
4 0.556541 0.0530638 0.0258833 0.0858745
3 0.659006 0.308638 0.046711 0.173525
3 0.496703 0.304498 0.0848881 0.271927
0 0.496989 0.304901 0.0853838 0.273107
4 0.553922 0.0530769 0.0230807 0.0834574
4 0.505139 0.0401716 0.0231329 0.0690715
3 0.65745 0.307808 0.0479361 0.171107
0 0.496807 0.305413 0.0853265 0.268614
3 0.496589 0.304711 0.0848364 0.268388
4 0.553165 0.0528066 0.0224293 0.0833527
4 0.506314 0.0400741 0.0235311 0.0685088
4 0.552683 0.0526878 0.0224611 0.0838535
4 0.508322 0.0398486 0.0240786 0.0718883
3 0.655038 0.308054 0.0496695 0.167923
3 0.496641 0.304755 0.0845696 0.269247
0 0.496899 0.305463 0.0850206 0.269602
4 0.551716 0.0514512 0.0212922 0.0831772
4 0.509592 0.0390463 0.0250793 0.0733066
3 0.654455 0.306815 0.0535902 0.169237 1
4 0.55028 0.0504543 0.0231342 0.0860129
4 0.509427 0.0402063 0.0244436 0.0727501
3 0.654172 0.30511 0.0555618 0.166924 1
4 0.550045 0.0508376 0.0229534 0.0865506
4 0.511184 0.0397665 0.0227316 0.0721355
3 0.65324 0.305198 0.0550902 0.168453 1
4 0.549034 0.0505189 0.0237568 0.0862109
4 0.512133 0.0389902 0.0227077 0.0738281
0 0.0507379 0.0433916 0.0292665 0.0767152
3 0.652437 0.304549 0.0559647 0.170548 1
4 0.548166 0.0492466 0.023864 0.0850661
4 0.512032 0.0388482 0.021524 0.0719075
0 0.0502103 0.0430308 0.0277649 0.0754176
4 0.512516 0.0396385 0.0210596 0.0739378
4 0.546426 0.049167 0.0255106 0.0850438
0 0.0501915 0.0438681 0.0259855 0.0721371
3 0.65138 0.304238 0.058576 0.17001 1
4 0.54567 0.0492526 0.0244335 0.0817237
4 0.512437 0.0405723 0.0212193 0.0751509
0 0.0502179 0.0434698 0.0240173 0.0716246
3 0.650918 0.304247 0.0577293 0.169056 1
4 0.544174 0.0496438 0.0253177 0.0805215
4 0.513466 0.0410566 0.0212765 0.0753523
0 0.0495293 0.0433973 0.0242226 0.0719698
3 0.65133 0.303454 0.0587893 0.167063 1
4 0.54264 0.0482245 0.0257863 0.0811423
0 0.0491241 0.0426563 0.0249545 0.0724296
4 0.51525 0.0406035 0.0233128 0.0751097
3 0.650654 0.303066 0.0603617 0.167605 1
4 0.535561 0.0467013 0.026374 0.0805531
4 0.518034 0.0428411 0.0234606 0.0778606
3 0.65004 0.302659 0.0611667 0.168165 1
4 0.533262 0.0457342 0.0279739 0.081397
4 0.519157 0.0420728 0.0241362 0.0791885
4 0.532184 0.0457266 0.0289058 0.0828405
4 0.523179 0.0430825 0.0268757 0.0802414
4 0.530453 0.0458985 0.0303317 0.0774983
4 0.523637 0.0432922 0.0278709 0.081383
4 0.522487 0.0434973 0.0269429 0.0849357
4 0.523252 0.0444108 0.0273571 0.0829075
3 0.644767 0.300815 0.0682711 0.17265
3 0.493006 0.30607 0.0736008 0.273367
4 0.524338 0.0444344 0.0274618 0.0825212
3 0.645028 0.301272 0.0723693 0.170526
3 0.494596 0.305612 0.0761377 0.271319
4 0.522988 0.0437817 0.0261329 0.0830517
3 0.64883 0.30233 0.0667852 0.170446
3 0.49329 0.305241 0.0736778 0.27163
4 0.52484 0.0444628 0.0285487 0.0889255
3 0.651622 0.30354 0.0646085 0.170237 1
4 0.524602 0.0434183 0.0298203 0.0841306
3 0.652926 0.304183 0.064848 0.171925 1
4 0.524659 0.0437949 0.0300531 0.0848779
4 0.523678 0.0445719 0.0292011 0.0826325
3 0.654952 0.300839 0.0636955 0.177037 1
4 0.521643 0.0450845 0.0288181 0.0856175
3 0.656345 0.30171 0.0613619 0.174174 1
4 0.521594 0.0451651 0.0280733 0.0835783
4 0.519478 0.044527 0.0266312 0.079484
3 0.658091 0.302089 0.0564739 0.170991 1
4 0.518704 0.0453059 0.0266662 0.0822532
3 0.659208 0.302176 0.054821 0.169082 1
4 0.516741 0.0427031 0.0255014 0.0772202
3 0.660391 0.30208 0.0520638 0.16631 1
4 0.513572 0.0419199 0.0239231 0.077645
3 0.660785 0.30236 0.0523149 0.166239 1
4 0.515607 0.0430984 0.0256163 0.0796291
3 0.66109 0.300902 0.0523893 0.163861 1
4 0.51515 0.043691 0.0274132 0.0822035
4 0.508493 0.0423985 0.0260853 0.0781197
3 0.661398 0.301702 0.0528861 0.162569 1
4 0.508002 0.0432551 0.0269762 0.0751604
3 0.661598 0.303437 0.0535839 0.159705 1
4 0.505946 0.0421529 0.0264141 0.0774865
3 0.662747 0.304213 0.058773 0.160012
3 0.506098 0.306613 0.0719445 0.268809
0 0.505776 0.306797 0.0704172 0.268914
4 0.496084 0.0396339 0.0236272 0.0707897
3 0.662745 0.304902 0.0583479 0.161088
3 0.505581 0.306189 0.0735267 0.269782
4 0.495694 0.0382932 0.0239295 0.069894
3 0.663354 0.305289 0.0584218 0.163795
3 0.505309 0.305764 0.0742952 0.270449
0 0.504914 0.305748 0.072393 0.269822
4 0.49447 0.038818 0.0245092 0.0713957
4 0.528926 0.0447973 0.0257065 0.0805141
3 0.663919 0.304605 0.0593881 0.161765
3 0.505515 0.307231 0.0749449 0.265951
0 0.505033 0.30683 0.0730233 0.265753
4 0.528856 0.0452083 0.0237795 0.0789085
4 0.492937 0.0382189 0.0238194 0.0689339
3 0.664691 0.305107 0.0608723 0.162792
0 0.505463 0.306818 0.0749216 0.264011
3 0.506061 0.307813 0.0765999 0.26317
4 0.492599 0.0396718 0.0238838 0.0701375
4 0.530213 0.0446884 0.0236931 0.0795162
3 0.664854 0.305391 0.0614603 0.163214
0 0.506145 0.308153 0.0738312 0.260583
1 0.506076 0.30962 0.075719 0.263078
3 0.506021 0.307996 0.0750287 0.261252
4 0.492039 0.039236 0.024699 0.0717742
4 0.529864 0.0443494 0.02604 0.0840628
4 0.489774 0.0392249 0.0245397 0.0723081
3 0.665063 0.305675 0.0612288 0.164463
0 0.506002 0.308254 0.0729912 0.26013
3 0.505996 0.308308 0.0742787 0.260445
4 0.452313 0.0325586 0.0259314 0.0651172
4 0.52884 0.0439987 0.0257781 0.0841482
3 0.664873 0.305863 0.0605778 0.16587
0 0.505603 0.306749 0.0732296 0.26305
3 0.505825 0.307611 0.074281 0.26052
4 0.528916 0.0414207 0.0229168 0.071185
4 0.528915 0.0412884 0.0229877 0.07169
3 0.665001 0.305502 0.0603668 0.16528
0 0.505553 0.306595 0.0734407 0.26234
3 0.505677 0.307165 0.0744467 0.260425
4 0.528807 0.041408 0.023102 0.0712643
3 0.665172 0.304077 0.0589898 0.166586
3 0.50546 0.308367 0.074538 0.258959
0 0.505301 0.307929 0.0735628 0.260698
4 0.528935 0.0413474 0.0230803 0.0712559
4 0.528902 0.0411043 0.0232004 0.07141
3 0.664454 0.303728 0.0598782 0.167583
0 0.50514 0.307859 0.0746846 0.26032
3 0.505225 0.308289 0.0755894 0.258933
1 0.505305 0.309372 0.0765545 0.262631
4 0.528834 0.0408765 0.0233218 0.0713066
3 0.664229 0.302964 0.0575264 0.168243
0 0.505303 0.307616 0.0744164 0.257954
3 0.505442 0.307979 0.0752996 0.256763
1 0.505507 0.308955 0.0762741 0.26049
4 0.528957 0.0406167 0.0234631 0.0713999
4 0.528911 0.0406922 0.0231338 0.0717044
3 0.664788 0.30276 0.0587729 0.16862 1
4 0.528938 0.0406063 0.0233184 0.0721763
3 0.664766 0.302149 0.0607344 0.168367 1
4 0.529324 0.0404867 0.023519 0.0723672
3 0.664554 0.302849 0.0604502 0.168436 1
4 0.52932 0.0405043 0.0235071 0.0724979
4 0.529018 0.0399863 0.0243748 0.0720245
3 0.663892 0.302107 0.0600883 0.166957 1
4 0.529099 0.0400422 0.0243434 0.0717022
3 0.663693 0.301777 0.060405 0.167725 1
4 0.528906 0.0399883 0.0246808 0.0713825
3 0.663367 0.301729 0.0610098 0.167672 1
4 0.52891 0.0400624 0.0243128 0.0712014
4 0.529133 0.0402301 0.0245085 0.0711016
3 0.661378 0.301693 0.0587126 0.170809 1
4 0.529189 0.0403392 0.0242243 0.0707852
3 0.660564 0.30149 0.0564667 0.170356 1
4 0.528987 0.0402696 0.0244288 0.0715393
3 0.660041 0.30149 0.0578835 0.170195 1
4 0.528964 0.0403264 0.0244877 0.0720079
4 0.529393 0.0411548 0.0252835 0.0751377
4 0.52936 0.0406079 0.0241821 0.0737273
3 0.658498 0.302566 0.0585623 0.169786 1
4 0.529121 0.040423 0.0243429 0.0733962
3 0.656902 0.301881 0.0583611 0.172756 1
4 0.529424 0.0403058 0.024118 0.0737845
3 0.654502 0.301568 0.0560396 0.173739
0 0.505494 0.306879 0.0764969 0.253434
3 0.505624 0.306801 0.0776142 0.255955
4 0.529535 0.0404431 0.0241035 0.0738989
4 0.529163 0.0405941 0.0243238 0.0715533
3 0.653052 0.301671 0.0552557 0.172981
0 0.505693 0.305909 0.0767223 0.252457
3 0.505505 0.305946 0.0774786 0.255092
4 0.529207 0.0407451 0.0241982 0.0716143
4 0.52899 0.0405378 0.0246266 0.072198
3 0.650924 0.300335 0.0578412 0.175254
0 0.505835 0.305566 0.0775942 0.251748
1 0.505507 0.306487 0.0777605 0.254265
4 0.528744 0.0406094 0.0243244 0.0714115
3 0.645099 0.30298 0.0550955 0.180098
0 0.505196 0.304207 0.0768712 0.252739
3 0.634675 0.380913 0.0706985 0.344296
4 0.52907 0.040347 0.0242073 0.0722251
4 0.529206 0.0404803 0.0238453 0.071064
4 0.529289 0.0409577 0.0233568 0.0701313
3 0.642162 0.303687 0.0569405 0.174192
3 0.636488 0.382596 0.067054 0.337132
0 0.504467 0.303836 0.0771587 0.253507
4 0.52946 0.0404897 0.0236016 0.0703796
4 0.529619 0.0406591 0.0235136 0.0702972
3 0.633036 0.386293 0.0629351 0.337675
3 0.636988 0.302496 0.0556091 0.170199
1 0.503907 0.304154 0.0765827 0.251922
0 0.504208 0.30359 0.0771853 0.253427
4 0.529847 0.0406879 0.0235337 0.0695109
3 0.630067 0.3839 0.0612991 0.340169
3 0.635007 0.301855 0.0566619 0.17089
1 0.503139 0.303748 0.0757415 0.254043
0 0.503172 0.302891 0.0760069 0.255604
3 0.50318 0.30412 0.0754459 0.253919
4 0.529865 0.040298 0.023602 0.0700738
4 0.529895 0.0404632 0.0235487 0.0696986
3 0.627551 0.382526 0.0588896 0.342822
1 0.501859 0.304847 0.0767138 0.260858
0 0.501773 0.304138 0.0770136 0.262587
4 0.529886 0.0407696 0.0227691 0.0686262
3 0.62568 0.382953 0.0567924 0.342037
1 0.501146 0.30549 0.0773773 0.264139
4 0.529998 0.0402592 0.0231646 0.0701969
3 0.623739 0.383442 0.0561068 0.342088 1
4 0.529874 0.040308 0.023289 0.0696005
4 0.530021 0.0401525 0.0231915 0.069551
3 0.619007 0.384977 0.0506617 0.338987 1
4 0.530056 0.0398075 0.0233817 0.0696928
3 0.617682 0.386867 0.0557177 0.336353 1
4 0.529747 0.0397625 0.0234276 0.0702996
4 0.529721 0.0398119 0.0232954 0.06953
3 0.617234 0.385928 0.058791 0.338643 1
4 0.529572 0.0398361 0.0235968 0.0703259
3 0.614605 0.386419 0.0581944 0.338033 1
4 0.529865 0.0399893 0.0236698 0.0705392
3 0.61292 0.385815 0.0582381 0.33735 1
4 0.529822 0.0401139 0.0235995 0.0702437
3 0.61248 0.387403 0.0587388 0.335108 1
4 0.529571 0.0402385 0.023413 0.0695194
4 0.529427 0.0400545 0.0235099 0.069373
3 0.610548 0.388347 0.0566727 0.334057 1
4 0.529369 0.0398743 0.0235394 0.069356
4 0.529014 0.0400313 0.02325 0.068341
3 0.610402 0.391869 0.0568415 0.34165 1
4 0.528626 0.0400419 0.022994 0.0680686
4 0.528621 0.0403687 0.0225001 0.0672353
4 0.529201 0.0406697 0.0221723 0.0662906
4 0.529138 0.0409046 0.0220417 0.0665191
4 0.529209 0.040786 0.0221104 0.0666595
4 0.529269 0.0408606 0.0220702 0.0669432
3 0.609689 0.397979 0.0560373 0.345312
0 0.504797 0.306217 0.0561646 0.252368
4 0.529231 0.0409694 0.0220926 0.0667439
3 0.608594 0.398496 0.0568099 0.34979
0 0.506687 0.307334 0.0519649 0.246281
4 0.528993 0.0406629 0.022084 0.0671753
4 0.528921 0.0408003 0.0219889 0.0674624
3 0.606475 0.398165 0.0569041 0.35114
0 0.504913 0.306979 0.0537526 0.242006
4 0.528882 0.0405867 0.0222524 0.0677436
3 0.603665 0.398681 0.0581579 0.35267
0 0.49524 0.297611 0.0730988 0.263442
4 0.528937 0.0403969 0.0225944 0.0680809
3 0.601514 0.401108 0.0619003 0.349495
0 0.494594 0.296466 0.0738329 0.263338
4 0.528736 0.040707 0.0224219 0.0677552
3 0.597213 0.403057 0.0682953 0.350846
0 0.494013 0.296866 0.0739927 0.26404
4 0.528684 0.0407146 0.022464 0.0677619
0 0.492951 0.294956 0.0744406 0.265483
3 0.594511 0.403102 0.0703767 0.3511
4 0.528635 0.0406631 0.0224812 0.0678007
0 0.492206 0.29438 0.0743153 0.265263
3 0.59229 0.404537 0.0719024 0.351525
4 0.527858 0.0403339 0.0233395 0.0696614
3 0.590424 0.404421 0.0709057 0.351092
0 0.492597 0.29387 0.0723617 0.26543
4 0.527902 0.0401693 0.0235829 0.070072
0 0.492542 0.293797 0.0715478 0.267033
3 0.58892 0.405502 0.0690877 0.35012
4 0.527933 0.0400398 0.0238209 0.0707249
3 0.587922 0.407019 0.0668373 0.348641
0 0.492226 0.293576 0.0720619 0.268204
4 0.528081 0.0398379 0.0239777 0.0710059
3 0.586737 0.406735 0.0650866 0.34856
3 0.491113 0.292669 0.0701153 0.272673
4 0.528274 0.0398247 0.0240996 0.0706048
3 0.585097 0.40686 0.0617126 0.348342
3 0.489628 0.293223 0.0673802 0.271573
4 0.527989 0.0398022 0.0244507 0.0702432
3 0.58399 0.408309 0.0613069 0.347111
3 0.489282 0.292999 0.0655647 0.269465
4 0.527641 0.0396298 0.0246698 0.0704458
3 0.583762 0.408702 0.0613096 0.347837
3 0.582638 0.408627 0.0622449 0.348079
4 0.527538 0.0395874 0.0246995 0.0706465
3 0.581919 0.408283 0.0636608 0.349814
4 0.527324 0.0394271 0.0245932 0.0709779
3 0.581092 0.40802 0.0642456 0.352744
4 0.527548 0.039234 0.0247183 0.0711445
3 0.579335 0.408118 0.0636036 0.352448
3 0.494337 0.286459 0.0540944 0.251623
4 0.527797 0.0394748 0.0246378 0.0705669
3 0.576496 0.408307 0.0665033 0.354111
3 0.49461 0.287881 0.053919 0.253254
4 0.528065 0.0393944 0.0246883 0.0706846
3 0.573841 0.408905 0.0689428 0.354348
3 0.494868 0.28774 0.0533693 0.251765
4 0.528322 0.0393022 0.0245045 0.0702865
4 0.528226 0.0393372 0.0242651 0.0702129
3 0.571341 0.415147 0.066058 0.363544
3 0.496186 0.287544 0.0546841 0.253333
4 0.528093 0.0397023 0.023881 0.0698214
3 0.614905 0.446868 0.0789446 0.38246 1
4 0.527887 0.0396299 0.0243753 0.0704384
3 0.588453 0.446181 0.0665988 0.384181 1
4 0.5278 0.0400356 0.0241522 0.0699694
3 0.607238 0.490537 0.0772059 0.315052
4 0.607951 0.493494 0.0780977 0.311504
4 0.527755 0.0399609 0.0241976 0.0699256
3 0.724646 0.700809 0.100444 0.522198
4 0.527901 0.0400364 0.0242802 0.0701631
3 0.540345 0.186791 0.0499283 0.248419
4 0.528017 0.0400772 0.0242596 0.0705396
3 0.539644 0.179746 0.050395 0.243695
4 0.527585 0.0403927 0.0237462 0.0706821
3 0.539631 0.178912 0.0504727 0.244837
4 0.527909 0.040065 0.0239071 0.0712847
3 0.539598 0.1779 0.0497671 0.245888
4 0.527661 0.0398758 0.0242695 0.0715432
4 0.527622 0.0398827 0.0242841 0.0717423
4 0.527769 0.0398301 0.0242826 0.0719568
4 0.527877 0.0402319 0.0241146 0.0719472
4 0.52803 0.0400199 0.0242538 0.0717264
4 0.527963 0.0398009 0.0243936 0.0717908
4 0.528113 0.0400885 0.0242044 0.0716382
4 0.527957 0.0404266 0.024166 0.071926
4 0.528204 0.0404092 0.0243037 0.071895
4 0.528024 0.0402708 0.0241287 0.0716689
4 0.528239 0.0402588 0.0242004 0.0717834
4 0.528212 0.0401856 0.024094 0.072002
4 0.528208 0.0401903 0.024148 0.0718929
4 0.528308 0.0404775 0.0249899 0.0735937
4 0.528333 0.039997 0.0241286 0.0726718
4 0.528454 0.0405091 0.0249269 0.0738774
4 0.528352 0.0405173 0.0250521 0.0742498
4 0.528368 0.0405239 0.0250875 0.0742514
4 0.528491 0.040361 0.0232407 0.0719085
4 0.528431 0.0400012 0.023411 0.0718341
4 0.528176 0.0397316 0.0235946 0.0721244
4 0.527895 0.039571 0.0235865 0.0722301
4 0.527869 0.0401786 0.0247128 0.0737386
4 0.528043 0.0397737 0.0234395 0.0717135
4 0.528342 0.0397709 0.0236177 0.0717876
4 0.52852 0.0396346 0.0237492 0.0721625
4 0.528197 0.0398405 0.0236224 0.0715703
4 0.528179 0.0398176 0.0237272 0.0718807
4 0.528271 0.0398924 0.0236631 0.0717351
4 0.528305 0.0398464 0.0238213 0.0716998
4 0.528142 0.0394387 0.0244234 0.0728769
3 0.502313 0.1746 0.0517626 0.23503
4 0.527985 0.0399136 0.0234768 0.0715757
3 0.502315 0.174619 0.0516937 0.235081
4 0.527911 0.0399964 0.0234988 0.0716514
3 0.502432 0.174923 0.0515484 0.234802
4 0.528028 0.0402325 0.0233275 0.0715299
3 0.502457 0.174387 0.0517982 0.234833
4 0.528355 0.0406191 0.0230142 0.0712556
3 0.502517 0.174637 0.0520159 0.234255
4 0.528386 0.0405741 0.0232751 0.0714865
3 0.502567 0.174575 0.0520811 0.23397
4 0.528333 0.0402897 0.0235693 0.0720024
3 0.502962 0.17546 0.0524084 0.232388
4 0.528331 0.0405853 0.0233335 0.0714663
3 0.503016 0.175859 0.0524008 0.231567
4 0.528306 0.0406267 0.0231573 0.0709885
3 0.502958 0.175863 0.0522566 0.232065
4 0.528559 0.0404309 0.0233896 0.0710736
3 0.503042 0.175957 0.0523417 0.231592
4 0.52866 0.0405207 0.0234131 0.0712086
4 0.52865 0.0403593 0.0235409 0.0716681
3 0.50304 0.175963 0.0524004 0.231786
4 0.528501 0.0407849 0.024496 0.0725904
3 0.503114 0.176211 0.0524015 0.231211
4 0.528449 0.0409441 0.0241615 0.0719909
3 0.503386 0.177107 0.0530258 0.231258
4 0.528702 0.0409836 0.0240175 0.0719293
3 0.503351 0.177096 0.0529982 0.231312
4 0.528504 0.0411872 0.0241928 0.0721601
4 0.528483 0.0408978 0.0224427 0.0701878
4 0.528125 0.0408611 0.0223407 0.0704615
4 0.528117 0.0409002 0.0223234 0.0702111
4 0.528477 0.040369 0.0230955 0.0715481
4 0.528671 0.040314 0.0232451 0.0715895
4 0.528973 0.0398651 0.0239859 0.0732939
4 0.529011 0.0399336 0.0238168 0.0723823
4 0.52926 0.0403234 0.0238552 0.0730195
4 0.529284 0.040106 0.0240499 0.0736307
4 0.529547 0.0403917 0.0236797 0.0730902
4 0.529462 0.0401733 0.0238095 0.0736268
4 0.529648 0.0398814 0.0239044 0.0739654
4 0.529675 0.0408684 0.024621 0.0746562
4 0.529087 0.0409455 0.0253098 0.0756231
4 0.528816 0.0410861 0.0256008 0.0758356
4 0.528756 0.0403812 0.0239846 0.0747489
4 0.527997 0.0412662 0.0226759 0.0719931
4 0.527602 0.0412396 0.0230225 0.0726698
4 0.527144 0.0422178 0.0243441 0.0738579
4 0.526955 0.0410293 0.0232963 0.0725756
4 0.526919 0.0419946 0.024561 0.0744031
4 0.526185 0.0422973 0.0241713 0.0744502
4 0.52604 0.0423071 0.0242031 0.0747495
4 0.525687 0.0424431 0.0239426 0.0746785
4 0.525938 0.0424262 0.0243439 0.0749627
4 0.525766 0.0424997 0.0245447 0.0750545
