4 0.302455 0.0449116 0.033806 0.084877
0 0.303282 0.0447991 0.0320704 0.0817812
4 0.30336 0.0473909 0.0329397 0.0827781
0 0.302801 0.0473641 0.0336752 0.0805127
0 0.301974 0.0449733 0.0346589 0.0861553
4 0.302217 0.0480043 0.0341452 0.0921316
0 0.29867 0.0465339 0.0346542 0.0835187
0 0.276176 0.0580172 0.0402438 0.109845
0 0.27327 0.0579523 0.042156 0.1123 1
0 0.273627 0.0575411 0.0398732 0.111812 1
0 0.272192 0.0568173 0.0399712 0.112521 1
0 0.27184 0.0576885 0.0405495 0.111854 1
0 0.267968 0.058193 0.0400212 0.115874 1
0 0.267554 0.0577993 0.0395047 0.115599 1
0 0.266939 0.0574599 0.0390551 0.114586 1
0 0.266542 0.0581695 0.0413031 0.116339 1
0 0.264202 0.059998 0.0398905 0.114185 1
0 0.263921 0.0584527 0.0396974 0.113849 1
0 0.263319 0.0587778 0.0403302 0.11614 1
0 0.262613 0.0594991 0.0394725 0.11487 1
0 0.260783 0.0586312 0.0392618 0.115407 1
0 0.260705 0.0585264 0.0385057 0.115802 1
0 0.259952 0.0577758 0.0370309 0.114327 1
0 0.259616 0.0582456 0.0364701 0.114823 1
0 0.258491 0.0584738 0.036782 0.115972 1
0 0.258787 0.0578075 0.0351566 0.115615 1
0 0.257934 0.058051 0.0353704 0.115705 1
0 0.257627 0.057777 0.0347555 0.115245 1
0 0.256398 0.0583496 0.0315019 0.113918
0 0.255987 0.0592921 0.0299455 0.112104
0 0.255917 0.0603529 0.0309404 0.113511
3 0.514383 0.375344 0.0867001 0.402574
4 0.514712 0.376241 0.0861045 0.397337
4 0.433892 0.0283431 0.0213722 0.0566861
4 0.434998 0.0298695 0.0217512 0.059739
4 0.509274 0.381597 0.0817921 0.389728
3 0.508162 0.390092 0.080406 0.411845
4 0.436558 0.0299122 0.0224579 0.0598243
4 0.507299 0.379722 0.0840852 0.393555
4 0.438094 0.029689 0.0244137 0.059378
4 0.503111 0.380684 0.0885037 0.394315
4 0.496029 0.383206 0.0766718 0.388298
4 0.450976 0.0304915 0.0250704 0.060983
4 0.493516 0.392423 0.0803376 0.378234
3 0.493885 0.391759 0.0819726 0.374989
4 0.451729 0.0316714 0.0257134 0.0633428
4 0.493838 0.392072 0.0820608 0.370111
4 0.453597 0.0323896 0.0256666 0.0647793
4 0.454899 0.0320414 0.0273346 0.0640827
4 0.456192 0.0327451 0.0277469 0.0654902
4 0.457127 0.032687 0.0268248 0.0653739
3 0.484518 0.408389 0.0842704 0.403952
4 0.457887 0.033384 0.027038 0.066768
4 0.45922 0.0328414 0.0246662 0.0656828
4 0.481191 0.427777 0.0824583 0.420983
3 0.480845 0.42653 0.0817368 0.417939
4 0.461056 0.0328669 0.0255077 0.0657338
4 0.477921 0.43721 0.0812979 0.41044
3 0.477652 0.435092 0.0812246 0.404196
4 0.463454 0.0332115 0.0249675 0.066423
4 0.465155 0.033539 0.0252771 0.0670781
4 0.473143 0.443658 0.078446 0.415759
4 0.465137 0.0333621 0.0263195 0.0667242
4 0.469881 0.448078 0.0829644 0.423529
3 0.470311 0.442745 0.0851028 0.415014
4 0.467053 0.0339679 0.0275213 0.0679357
4 0.467718 0.445172 0.0830137 0.42477
3 0.469537 0.444502 0.0853572 0.419342
4 0.467368 0.0338518 0.0282553 0.0677037
4 0.258186 0.06019 0.0294107 0.114318
4 0.469549 0.0346237 0.0286757 0.0692474
4 0.464513 0.45777 0.0836327 0.416382
4 0.506737 0.0443297 0.0235035 0.0814362
4 0.290009 0.0537245 0.038051 0.106729
4 0.509352 0.0440699 0.0225376 0.0795586
4 0.292589 0.0531504 0.0376531 0.102632
3 0.462322 0.454692 0.0844648 0.411546
4 0.509747 0.0456896 0.0215863 0.0786042
4 0.293753 0.0521011 0.0374725 0.101522
3 0.461655 0.456637 0.0827791 0.419967
4 0.460359 0.463943 0.0789354 0.428959
4 0.509796 0.0445827 0.0215293 0.0791074
4 0.293985 0.0500222 0.0375946 0.0973835
4 0.510446 0.0461534 0.0217812 0.0808151
4 0.2949 0.0483173 0.0382583 0.0922476
4 0.462775 0.4623 0.0816162 0.411207
3 0.46376 0.45638 0.0839109 0.401292
4 0.512733 0.0457259 0.0235806 0.0850231
4 0.296037 0.0467708 0.0368244 0.0899082
3 0.461397 0.454911 0.0820503 0.408037
4 0.459348 0.464064 0.0797548 0.424137
4 0.514135 0.0457307 0.0243217 0.085316
4 0.296336 0.0462335 0.0349649 0.087691
4 0.515367 0.0468787 0.0251491 0.0872265
4 0.297995 0.0438799 0.0326699 0.087304
4 0.453763 0.46122 0.0814124 0.428451
3 0.455411 0.452871 0.0857319 0.416081
4 0.515111 0.047062 0.0230989 0.0810828
4 0.449943 0.463114 0.0800777 0.41479
3 0.450767 0.456527 0.0826804 0.408074
4 0.517844 0.0466542 0.0254927 0.0832584
4 0.301474 0.0460506 0.0341744 0.0883101
0 0.301635 0.0453579 0.0353402 0.0883407
4 0.518431 0.0465807 0.02598 0.0819173
4 0.303309 0.046455 0.0366283 0.090411
4 0.51855 0.0455143 0.0270813 0.0836187
4 0.303223 0.0464569 0.034951 0.0890165
4 0.519822 0.0453842 0.0270875 0.0838975
4 0.303715 0.047463 0.0326516 0.0914185
3 0.363843 0.501431 0.102978 0.356362
4 0.525832 0.0448124 0.026635 0.0850731
4 0.304308 0.044909 0.0341028 0.0898181
0 0.305341 0.0431674 0.0330757 0.0863349
3 0.430879 0.712066 0.166781 0.555137 1
4 0.529601 0.0460852 0.0254671 0.0825021
4 0.304836 0.0438818 0.0341291 0.0877636
3 0.414687 0.612078 0.137485 0.513803 1
0 0.484312 0.249768 0.0840969 0.383265 2
4 0.530786 0.0458148 0.0249617 0.0822267
4 0.304923 0.0449757 0.0358109 0.0899513
0 0.306111 0.0432365 0.0345523 0.0864731
3 0.41481 0.612459 0.13814 0.513661 1
0 0.484386 0.249799 0.085776 0.385015 2
4 0.530861 0.046938 0.0240179 0.0797136
4 0.306066 0.0428573 0.0323108 0.0857147
4 0.525402 0.0473609 0.0209141 0.0772227
0 0.306839 0.0426695 0.0299697 0.08516
4 0.531196 0.0458731 0.0235315 0.0790357 1
3 0.414641 0.612547 0.137766 0.513541 1
0 0.486458 0.248509 0.0871861 0.385206 2
4 0.532329 0.0470518 0.0224039 0.079419 1
3 0.414656 0.61397 0.137687 0.512 1
4 0.533891 0.0463575 0.0238429 0.0821607
0 0.309311 0.0408319 0.0322026 0.0783706
3 0.415402 0.613382 0.139089 0.514727 1
4 0.534767 0.0471986 0.0249081 0.084137
4 0.309566 0.0414455 0.0306326 0.0770254
3 0.415374 0.613083 0.139565 0.515624 1
0 0.48858 0.231356 0.0894302 0.359586 2
4 0.538315 0.0486815 0.0261507 0.0843695
4 0.312085 0.0408107 0.0348102 0.0811943
4 0.539016 0.0470117 0.0266211 0.0852515
4 0.311895 0.0417751 0.034156 0.0835502
3 0.41541 0.611537 0.140087 0.52615 1
4 0.539151 0.0490033 0.0281673 0.0845253
0 0.312363 0.0406405 0.0313752 0.0812809
4 0.312566 0.0410567 0.0310237 0.0807641
3 0.415375 0.612086 0.139465 0.523934 1
4 0.53804 0.0496252 0.0277854 0.0814787
0 0.312715 0.0413496 0.0312052 0.0826993
4 0.31258 0.0419827 0.0304864 0.0813905
3 0.415203 0.612275 0.140259 0.523559 1
4 0.542986 0.0583409 0.0269136 0.0713987
4 0.315751 0.0397 0.0288035 0.077951
4 0.541964 0.054895 0.0277712 0.0742923
4 0.317043 0.0381765 0.0277885 0.076353
4 0.536889 0.0491858 0.0251788 0.0744172
3 0.415149 0.613555 0.14035 0.523041 1
4 0.546968 0.0554778 0.0289358 0.0802431
4 0.538054 0.0506347 0.0272064 0.0794996
0 0.317837 0.039142 0.0300182 0.0753898
3 0.415585 0.61182 0.140076 0.527529 1
4 0.552886 0.0579134 0.0223053 0.0755475
4 0.547016 0.0545605 0.0294582 0.073361
4 0.535261 0.0517785 0.0220188 0.0774192
3 0.416249 0.614015 0.140586 0.52641 1
4 0.552743 0.0578089 0.0218418 0.0749238
4 0.546572 0.0527244 0.0264767 0.0758607
3 0.416459 0.613528 0.142522 0.530407 1
4 0.553179 0.0565816 0.0229584 0.0775756
4 0.546588 0.052332 0.0271221 0.0771154
3 0.416575 0.612378 0.141972 0.531754 1
4 0.553059 0.057903 0.0233738 0.0779167
4 0.547291 0.0540191 0.0259384 0.0777011
3 0.415754 0.613549 0.142128 0.528959 1
4 0.553179 0.0583333 0.0250595 0.0794993
4 0.54652 0.0535385 0.0271601 0.0784153
3 0.415544 0.614495 0.141917 0.526874 1
4 0.553028 0.055828 0.0256104 0.0850643
4 0.561642 0.054023 0.026617 0.0859613
4 0.55603 0.0553199 0.0301464 0.0865381
3 0.415354 0.61548 0.143218 0.526176 1
4 0.574642 0.0597692 0.029458 0.0968416 1
3 0.415415 0.617925 0.143216 0.520784 1
4 0.574616 0.0594371 0.0295247 0.0970323 1
3 0.415355 0.615894 0.143803 0.52649 1
4 0.574505 0.0593924 0.0292075 0.0967593 1
3 0.415473 0.615142 0.143498 0.528008 1
4 0.574761 0.0589854 0.0294273 0.0973641
3 0.416057 0.614207 0.143579 0.529971 1
4 0.576172 0.0588832 0.031986 0.102146
3 0.416057 0.613811 0.144087 0.531258 1
4 0.57503 0.0582543 0.0291241 0.0974109
3 0.415675 0.613162 0.144394 0.532289 1
4 0.574998 0.0586903 0.0289484 0.0971174
3 0.415962 0.612985 0.14369 0.53267 1
4 0.575108 0.0584099 0.028965 0.0970806
4 0.57483 0.0588188 0.0286339 0.0958178
3 0.416467 0.613049 0.14286 0.533348 1
4 0.574917 0.0579858 0.0290993 0.0966081
4 0.429579 0.0350175 0.0263618 0.0624743
3 0.416596 0.612391 0.141818 0.535655 1
4 0.57612 0.0589428 0.0315025 0.101068
4 0.432149 0.0343413 0.0319551 0.0655229
3 0.416691 0.613469 0.140254 0.532708 1
4 0.575074 0.0584617 0.029291 0.0966399
4 0.433974 0.0351179 0.030307 0.0667553
3 0.417563 0.613807 0.138202 0.532169 1
4 0.574789 0.0588144 0.0286018 0.0952772
4 0.435897 0.035 0.028348 0.0676882
4 0.574854 0.0587119 0.0287466 0.0957036
4 0.439309 0.0348709 0.0291363 0.0690224
3 0.420057 0.613212 0.130793 0.527714 1
4 0.574743 0.0591035 0.0287612 0.0956407
4 0.440214 0.0349537 0.0285753 0.0687608
3 0.419425 0.615504 0.1272 0.523559 1
4 0.564818 0.0507148 0.0293588 0.0935847
4 0.478391 0.0360993 0.0246164 0.0689789
3 0.419777 0.617898 0.123935 0.521357 1
4 0.564362 0.0503074 0.0282136 0.0930189
4 0.480559 0.0359169 0.0237629 0.0681521
4 0.564176 0.0503979 0.0286446 0.0944106
4 0.481559 0.0361937 0.0233034 0.0686198
3 0.420918 0.616068 0.122144 0.520649 1
4 0.564546 0.0506196 0.0288816 0.0949558
4 0.481927 0.0362101 0.0233335 0.0684434
3 0.421816 0.614503 0.11913 0.519271
4 0.422005 0.617326 0.118058 0.516999
4 0.563367 0.0534696 0.0295275 0.0904282
4 0.48295 0.0375908 0.023539 0.0710328
4 0.561748 0.0523327 0.0257864 0.0892663
4 0.485223 0.0380105 0.0221939 0.0686627
4 0.421193 0.618727 0.119549 0.515421
3 0.420717 0.617299 0.12076 0.514434
4 0.561206 0.053084 0.0258045 0.0887993
4 0.48718 0.0373281 0.0233521 0.0703197
0 0.0221825 0.0494779 0.028844 0.0846556
4 0.424216 0.617886 0.113617 0.516641
3 0.42352 0.61389 0.114851 0.521238
4 0.560691 0.0545632 0.0268572 0.090422
4 0.560719 0.0540845 0.0267934 0.0906216
0 0.0237396 0.0499145 0.0255791 0.0802567
4 0.487818 0.037655 0.0234685 0.0691425
4 0.425385 0.617402 0.111981 0.514999
3 0.424731 0.613515 0.1127 0.52029
4 0.559664 0.055625 0.0252529 0.0877387
3 0.425403 0.61334 0.11264 0.520085
4 0.426324 0.616902 0.111982 0.515409
4 0.560508 0.051445 0.0266596 0.0884417
4 0.560285 0.0522854 0.0285061 0.0841868
3 0.425417 0.612945 0.113715 0.52056
4 0.426203 0.617474 0.112522 0.515881
4 0.558543 0.0513338 0.0254616 0.0839455
3 0.42408 0.614099 0.114996 0.51726
4 0.424931 0.618472 0.113471 0.513534
3 0.423997 0.612826 0.11745 0.52015 1
4 0.558336 0.0507871 0.0298822 0.0847831
4 0.50012 0.0367495 0.0242216 0.0650835
3 0.423827 0.612584 0.117242 0.520138 1
4 0.558144 0.0511201 0.0309177 0.0858245
4 0.500594 0.0372583 0.0241196 0.0662328
3 0.424071 0.612773 0.117311 0.518872 1
4 0.557756 0.0508785 0.0311746 0.0861555
4 0.501479 0.0374527 0.0231023 0.0664536
3 0.425223 0.620959 0.115531 0.523555 1
4 0.556541 0.0530638 0.0258833 0.0858745
3 0.424611 0.621967 0.11704 0.521431 1
4 0.553922 0.0530769 0.0230807 0.0834574
4 0.505139 0.0401716 0.0231329 0.0690715
4 0.553165 0.0528066 0.0224293 0.0833527
4 0.506314 0.0400741 0.0235311 0.0685088
3 0.424041 0.614896 0.116186 0.51567 1
4 0.552683 0.0526878 0.0224611 0.0838535
4 0.508322 0.0398486 0.0240786 0.0718883
3 0.424158 0.615269 0.116371 0.515474 1
4 0.551716 0.0514512 0.0212922 0.0831772
4 0.509592 0.0390463 0.0250793 0.0733066
3 0.423504 0.616686 0.11574 0.511382 1
4 0.55028 0.0504543 0.0231342 0.0860129
4 0.509427 0.0402063 0.0244436 0.0727501
3 0.423312 0.615574 0.116658 0.514789 1
4 0.550045 0.0508376 0.0229534 0.0865506
4 0.511184 0.0397665 0.0227316 0.0721355
3 0.423827 0.614673 0.118139 0.514938 1
4 0.549034 0.0505189 0.0237568 0.0862109
4 0.512133 0.0389902 0.0227077 0.0738281
0 0.0507379 0.0433916 0.0292665 0.0767152
3 0.423508 0.61507 0.1178 0.515711 1
4 0.548166 0.0492466 0.023864 0.0850661
4 0.512032 0.0388482 0.021524 0.0719075
0 0.0502103 0.0430308 0.0277649 0.0754176
4 0.423159 0.619599 0.113662 0.51783
3 0.423125 0.618994 0.114079 0.524487
4 0.512516 0.0396385 0.0210596 0.0739378
4 0.546426 0.049167 0.0255106 0.0850438
0 0.0501915 0.0438681 0.0259855 0.0721371
3 0.424167 0.617756 0.113343 0.523456
4 0.424603 0.618786 0.111967 0.515207
4 0.54567 0.0492526 0.0244335 0.0817237
4 0.512437 0.0405723 0.0212193 0.0751509
0 0.0502179 0.0434698 0.0240173 0.0716246
3 0.425426 0.617933 0.112334 0.52309
4 0.544174 0.0496438 0.0253177 0.0805215
4 0.513466 0.0410566 0.0212765 0.0753523
0 0.0495293 0.0433973 0.0242226 0.0719698
