4 0.302455 0.0449116 0.033806 0.084877
0 0.303282 0.0447991 0.0320704 0.0817812
4 0.30336 0.0473909 0.0329397 0.0827781
0 0.302801 0.0473641 0.0336752 0.0805127
0 0.301974 0.0449733 0.0346589 0.0861553
4 0.302217 0.0480043 0.0341452 0.0921316
0 0.29867 0.0465339 0.0346542 0.0835187
0 0.276176 0.0580172 0.0402438 0.109845
0 0.27327 0.0579523 0.042156 0.1123 1
0 0.273627 0.0575411 0.0398732 0.111812 1
0 0.272192 0.0568173 0.0399712 0.112521 1
0 0.27184 0.0576885 0.0405495 0.111854 1
0 0.267968 0.058193 0.0400212 0.115874 1
0 0.267554 0.0577993 0.0395047 0.115599 1
0 0.266939 0.0574599 0.0390551 0.114586 1
0 0.266542 0.0581695 0.0413031 0.116339 1
0 0.264202 0.059998 0.0398905 0.114185 1
0 0.263921 0.0584527 0.0396974 0.113849 1
0 0.263319 0.0587778 0.0403302 0.11614 1
0 0.262613 0.0594991 0.0394725 0.11487 1
0 0.260783 0.0586312 0.0392618 0.115407 1
0 0.260705 0.0585264 0.0385057 0.115802 1
0 0.259952 0.0577758 0.0370309 0.114327 1
0 0.259616 0.0582456 0.0364701 0.114823 1
0 0.258491 0.0584738 0.036782 0.115972 1
0 0.258787 0.0578075 0.0351566 0.115615 1
0 0.257934 0.058051 0.0353704 0.115705 1
0 0.257627 0.057777 0.0347555 0.115245 1
0 0.256398 0.0583496 0.0315019 0.113918
0 0.255987 0.0592921 0.0299455 0.112104
0 0.255917 0.0603529 0.0309404 0.113511
4 0.433892 0.0283431 0.0213722 0.0566861
4 0.434998 0.0298695 0.0217512 0.059739
4 0.436558 0.0299122 0.0224579 0.0598243
4 0.438094 0.029689 0.0244137 0.059378
3 0.405098 0.597005 0.134544 0.328369
4 0.450976 0.0304915 0.0250704 0.060983
3 0.404645 0.595212 0.134704 0.336307
4 0.451729 0.0316714 0.0257134 0.0633428
3 0.403164 0.593083 0.135292 0.347986
4 0.453597 0.0323896 0.0256666 0.0647793
3 0.403811 0.591036 0.1376 0.345599
4 0.454899 0.0320414 0.0273346 0.0640827
4 0.456192 0.0327451 0.0277469 0.0654902
3 0.402419 0.594059 0.13767 0.336041
4 0.457127 0.032687 0.0268248 0.0653739
3 0.403326 0.595022 0.133152 0.331738 1
4 0.457887 0.033384 0.027038 0.066768
3 0.403505 0.593042 0.128099 0.333426 1
4 0.45922 0.0328414 0.0246662 0.0656828
3 0.404559 0.587098 0.130353 0.341578 1
4 0.461056 0.0328669 0.0255077 0.0657338
4 0.463454 0.0332115 0.0249675 0.066423
4 0.465155 0.033539 0.0252771 0.0670781
3 0.405171 0.588135 0.129127 0.340536 1
4 0.465137 0.0333621 0.0263195 0.0667242
4 0.467053 0.0339679 0.0275213 0.0679357
3 0.405108 0.585166 0.130145 0.346751 1
4 0.467368 0.0338518 0.0282553 0.0677037
4 0.258186 0.06019 0.0294107 0.114318
4 0.469549 0.0346237 0.0286757 0.0692474
3 0.406031 0.581413 0.129015 0.356477 1
4 0.506737 0.0443297 0.0235035 0.0814362
4 0.290009 0.0537245 0.038051 0.106729
4 0.509352 0.0440699 0.0225376 0.0795586
4 0.292589 0.0531504 0.0376531 0.102632
3 0.407858 0.580898 0.127331 0.355522
4 0.509747 0.0456896 0.0215863 0.0786042
4 0.293753 0.0521011 0.0374725 0.101522
3 0.410014 0.574501 0.128101 0.363512
4 0.509796 0.0445827 0.0215293 0.0791074
4 0.293985 0.0500222 0.0375946 0.0973835
4 0.510446 0.0461534 0.0217812 0.0808151
4 0.2949 0.0483173 0.0382583 0.0922476
3 0.409312 0.568502 0.133731 0.375915
4 0.512733 0.0457259 0.0235806 0.0850231
4 0.296037 0.0467708 0.0368244 0.0899082
4 0.514135 0.0457307 0.0243217 0.085316
4 0.296336 0.0462335 0.0349649 0.087691
4 0.515367 0.0468787 0.0251491 0.0872265
4 0.297995 0.0438799 0.0326699 0.087304
4 0.515111 0.047062 0.0230989 0.0810828
4 0.517844 0.0466542 0.0254927 0.0832584
4 0.301474 0.0460506 0.0341744 0.0883101
0 0.301635 0.0453579 0.0353402 0.0883407
4 0.518431 0.0465807 0.02598 0.0819173
4 0.303309 0.046455 0.0366283 0.090411
3 0.412247 0.522609 0.128069 0.298152
4 0.51855 0.0455143 0.0270813 0.0836187
4 0.303223 0.0464569 0.034951 0.0890165
3 0.413515 0.523304 0.125691 0.2953 1
4 0.519822 0.0453842 0.0270875 0.0838975
4 0.303715 0.047463 0.0326516 0.0914185
4 0.525832 0.0448124 0.026635 0.0850731
4 0.304308 0.044909 0.0341028 0.0898181
0 0.305341 0.0431674 0.0330757 0.0863349
3 0.4157 0.523212 0.125909 0.291335 1
4 0.529601 0.0460852 0.0254671 0.0825021
4 0.304836 0.0438818 0.0341291 0.0877636
4 0.530786 0.0458148 0.0249617 0.0822267
4 0.304923 0.0449757 0.0358109 0.0899513
0 0.306111 0.0432365 0.0345523 0.0864731
3 0.414974 0.522959 0.128392 0.290026 1
4 0.530861 0.046938 0.0240179 0.0797136
4 0.306066 0.0428573 0.0323108 0.0857147
4 0.525402 0.0473609 0.0209141 0.0772227
0 0.306839 0.0426695 0.0299697 0.08516
4 0.531196 0.0458731 0.0235315 0.0790357 1
3 0.414294 0.526588 0.129831 0.292914 1
4 0.532329 0.0470518 0.0224039 0.079419 1
3 0.416447 0.526804 0.129654 0.289364 1
4 0.533891 0.0463575 0.0238429 0.0821607
0 0.309311 0.0408319 0.0322026 0.0783706
4 0.534767 0.0471986 0.0249081 0.084137
4 0.309566 0.0414455 0.0306326 0.0770254
3 0.418047 0.528295 0.122386 0.294742 1
4 0.538315 0.0486815 0.0261507 0.0843695
4 0.312085 0.0408107 0.0348102 0.0811943
4 0.539016 0.0470117 0.0266211 0.0852515
4 0.311895 0.0417751 0.034156 0.0835502
3 0.416605 0.531998 0.125915 0.30347 1
4 0.539151 0.0490033 0.0281673 0.0845253
0 0.312363 0.0406405 0.0313752 0.0812809
4 0.312566 0.0410567 0.0310237 0.0807641
3 0.41458 0.541055 0.128972 0.323686 1
4 0.53804 0.0496252 0.0277854 0.0814787
0 0.312715 0.0413496 0.0312052 0.0826993
4 0.31258 0.0419827 0.0304864 0.0813905
4 0.542986 0.0583409 0.0269136 0.0713987
4 0.315751 0.0397 0.0288035 0.077951
3 0.413184 0.54416 0.128762 0.336807 1
4 0.541964 0.054895 0.0277712 0.0742923
4 0.317043 0.0381765 0.0277885 0.076353
4 0.536889 0.0491858 0.0251788 0.0744172
3 0.409587 0.5508 0.130287 0.352057 1
4 0.546968 0.0554778 0.0289358 0.0802431
4 0.538054 0.0506347 0.0272064 0.0794996
0 0.317837 0.039142 0.0300182 0.0753898
4 0.552886 0.0579134 0.0223053 0.0755475
4 0.547016 0.0545605 0.0294582 0.073361
4 0.535261 0.0517785 0.0220188 0.0774192
4 0.552743 0.0578089 0.0218418 0.0749238
4 0.546572 0.0527244 0.0264767 0.0758607
3 0.413904 0.551645 0.117646 0.358654 1
4 0.553179 0.0565816 0.0229584 0.0775756
4 0.546588 0.052332 0.0271221 0.0771154
3 0.412383 0.55241 0.116725 0.355118 1
4 0.553059 0.057903 0.0233738 0.0779167
4 0.547291 0.0540191 0.0259384 0.0777011
3 0.409645 0.550685 0.111778 0.362858
4 0.553179 0.0583333 0.0250595 0.0794993
4 0.54652 0.0535385 0.0271601 0.0784153
4 0.553028 0.055828 0.0256104 0.0850643
4 0.561642 0.054023 0.026617 0.0859613
3 0.405818 0.547955 0.107775 0.351225 1
4 0.55603 0.0553199 0.0301464 0.0865381
3 0.401954 0.548614 0.107941 0.355697
4 0.574642 0.0597692 0.029458 0.0968416 1
4 0.574616 0.0594371 0.0295247 0.0970323 1
3 0.401052 0.542981 0.104101 0.351848
4 0.574505 0.0593924 0.0292075 0.0967593 1
4 0.574761 0.0589854 0.0294273 0.0973641
3 0.402165 0.538495 0.104731 0.349919
4 0.576172 0.0588832 0.031986 0.102146
4 0.57503 0.0582543 0.0291241 0.0974109
0 0.406401 0.554769 0.115042 0.384649
4 0.574998 0.0586903 0.0289484 0.0971174
4 0.575108 0.0584099 0.028965 0.0970806
3 0.400696 0.534103 0.106021 0.334326
4 0.57483 0.0588188 0.0286339 0.0958178
3 0.398994 0.547597 0.108704 0.368483
4 0.574917 0.0579858 0.0290993 0.0966081
4 0.429579 0.0350175 0.0263618 0.0624743
4 0.57612 0.0589428 0.0315025 0.101068
4 0.432149 0.0343413 0.0319551 0.0655229
3 0.397487 0.548523 0.109955 0.380299
4 0.575074 0.0584617 0.029291 0.0966399
4 0.433974 0.0351179 0.030307 0.0667553
0 0.395616 0.550464 0.119201 0.373895
4 0.394848 0.549451 0.118563 0.372572
4 0.574789 0.0588144 0.0286018 0.0952772
4 0.435897 0.035 0.028348 0.0676882
4 0.574854 0.0587119 0.0287466 0.0957036
4 0.439309 0.0348709 0.0291363 0.0690224
4 0.574743 0.0591035 0.0287612 0.0956407
4 0.440214 0.0349537 0.0285753 0.0687608
4 0.564818 0.0507148 0.0293588 0.0935847
4 0.478391 0.0360993 0.0246164 0.0689789
4 0.564362 0.0503074 0.0282136 0.0930189
4 0.480559 0.0359169 0.0237629 0.0681521
4 0.564176 0.0503979 0.0286446 0.0944106
4 0.481559 0.0361937 0.0233034 0.0686198
4 0.374419 0.559997 0.10708 0.400271
4 0.564546 0.0506196 0.0288816 0.0949558
4 0.481927 0.0362101 0.0233335 0.0684434
4 0.368462 0.520257 0.100762 0.32362
4 0.563367 0.0534696 0.0295275 0.0904282
4 0.48295 0.0375908 0.023539 0.0710328
4 0.561748 0.0523327 0.0257864 0.0892663
4 0.485223 0.0380105 0.0221939 0.0686627
3 0.363413 0.517271 0.095969 0.295887
4 0.561206 0.053084 0.0258045 0.0887993
4 0.48718 0.0373281 0.0233521 0.0703197
0 0.0221825 0.0494779 0.028844 0.0846556
3 0.36082 0.518813 0.0961758 0.296159
4 0.560691 0.0545632 0.0268572 0.090422
3 0.359969 0.520559 0.0972981 0.295067
4 0.560719 0.0540845 0.0267934 0.0906216
0 0.0237396 0.0499145 0.0255791 0.0802567
4 0.487818 0.037655 0.0234685 0.0691425
4 0.559664 0.055625 0.0252529 0.0877387
3 0.360542 0.522036 0.0974091 0.291063
4 0.560508 0.051445 0.0266596 0.0884417
3 0.359533 0.524813 0.0980963 0.285452
4 0.560285 0.0522854 0.0285061 0.0841868
4 0.558543 0.0513338 0.0254616 0.0839455
3 0.358763 0.52934 0.100539 0.28414
4 0.558336 0.0507871 0.0298822 0.0847831
4 0.50012 0.0367495 0.0242216 0.0650835
3 0.359414 0.532271 0.102436 0.282383
4 0.558144 0.0511201 0.0309177 0.0858245
4 0.500594 0.0372583 0.0241196 0.0662328
4 0.557756 0.0508785 0.0311746 0.0861555
4 0.501479 0.0374527 0.0231023 0.0664536
3 0.359535 0.536594 0.104638 0.279268
4 0.556541 0.0530638 0.0258833 0.0858745
3 0.360137 0.539215 0.106578 0.277009
4 0.553922 0.0530769 0.0230807 0.0834574
4 0.505139 0.0401716 0.0231329 0.0690715
3 0.360849 0.541593 0.109447 0.275236
4 0.553165 0.0528066 0.0224293 0.0833527
4 0.506314 0.0400741 0.0235311 0.0685088
3 0.362518 0.550111 0.113698 0.283419
4 0.363015 0.544928 0.11226 0.274927
4 0.552683 0.0526878 0.0224611 0.0838535
4 0.508322 0.0398486 0.0240786 0.0718883
4 0.551716 0.0514512 0.0212922 0.0831772
4 0.509592 0.0390463 0.0250793 0.0733066
4 0.36262 0.545345 0.112981 0.268761
3 0.362038 0.547176 0.111837 0.271697
4 0.55028 0.0504543 0.0231342 0.0860129
4 0.509427 0.0402063 0.0244436 0.0727501
4 0.361043 0.544107 0.113446 0.263776
3 0.360495 0.546274 0.112173 0.267471
4 0.550045 0.0508376 0.0229534 0.0865506
4 0.511184 0.0397665 0.0227316 0.0721355
4 0.549034 0.0505189 0.0237568 0.0862109
4 0.512133 0.0389902 0.0227077 0.0738281
0 0.0507379 0.0433916 0.0292665 0.0767152
4 0.358799 0.544044 0.114526 0.262813
4 0.548166 0.0492466 0.023864 0.0850661
4 0.512032 0.0388482 0.021524 0.0719075
0 0.0502103 0.0430308 0.0277649 0.0754176
4 0.3509 0.54351 0.106664 0.25274
4 0.512516 0.0396385 0.0210596 0.0739378
4 0.546426 0.049167 0.0255106 0.0850438
0 0.0501915 0.0438681 0.0259855 0.0721371
4 0.345932 0.544655 0.106016 0.247957
3 0.345184 0.54492 0.10755 0.247192
0 0.494164 0.186002 0.0618265 0.224513
4 0.54567 0.0492526 0.0244335 0.0817237
4 0.512437 0.0405723 0.0212193 0.0751509
0 0.0502179 0.0434698 0.0240173 0.0716246
4 0.544174 0.0496438 0.0253177 0.0805215
4 0.513466 0.0410566 0.0212765 0.0753523
0 0.0495293 0.0433973 0.0242226 0.0719698
4 0.340913 0.546829 0.10574 0.24029
0 0.4935 0.188149 0.0626877 0.224639
4 0.54264 0.0482245 0.0257863 0.0811423
0 0.0491241 0.0426563 0.0249545 0.0724296
4 0.51525 0.0406035 0.0233128 0.0751097
4 0.535561 0.0467013 0.026374 0.0805531
4 0.518034 0.0428411 0.0234606 0.0778606
4 0.533262 0.0457342 0.0279739 0.081397
4 0.519157 0.0420728 0.0241362 0.0791885
4 0.332922 0.550567 0.108609 0.227648
4 0.532184 0.0457266 0.0289058 0.0828405
4 0.523179 0.0430825 0.0268757 0.0802414
4 0.530453 0.0458985 0.0303317 0.0774983
4 0.523637 0.0432922 0.0278709 0.081383
4 0.327993 0.552477 0.105876 0.222799
4 0.522487 0.0434973 0.0269429 0.0849357
4 0.523252 0.0444108 0.0273571 0.0829075
3 0.317428 0.552653 0.124799 0.222438
4 0.524338 0.0444344 0.0274618 0.0825212
3 0.313385 0.554681 0.110899 0.211003
4 0.522988 0.0437817 0.0261329 0.0830517
3 0.305621 0.557718 0.111672 0.210867
4 0.52484 0.0444628 0.0285487 0.0889255
3 0.298004 0.581426 0.112238 0.255487
4 0.524602 0.0434183 0.0298203 0.0841306
3 0.286472 0.601121 0.123828 0.258879
4 0.524659 0.0437949 0.0300531 0.0848779
4 0.523678 0.0445719 0.0292011 0.0826325
3 0.276976 0.616772 0.12354 0.261512
4 0.521643 0.0450845 0.0288181 0.0856175
3 0.268043 0.617299 0.128441 0.234109
4 0.521594 0.0451651 0.0280733 0.0835783
4 0.519478 0.044527 0.0266312 0.079484
3 0.226945 0.667978 0.205323 0.31006
4 0.518704 0.0453059 0.0266662 0.0822532
3 0.225577 0.677331 0.200106 0.30537
4 0.516741 0.0427031 0.0255014 0.0772202
4 0.513572 0.0419199 0.0239231 0.077645
3 0.236037 0.682004 0.174099 0.29586
4 0.515607 0.0430984 0.0256163 0.0796291
4 0.51515 0.043691 0.0274132 0.0822035
4 0.508493 0.0423985 0.0260853 0.0781197
4 0.508002 0.0432551 0.0269762 0.0751604
4 0.505946 0.0421529 0.0264141 0.0774865
3 0.219197 0.692277 0.17647 0.268077
4 0.496084 0.0396339 0.0236272 0.0707897
4 0.495694 0.0382932 0.0239295 0.069894
3 0.200833 0.673419 0.143016 0.232135
4 0.49447 0.038818 0.0245092 0.0713957
4 0.528926 0.0447973 0.0257065 0.0805141
3 0.195947 0.674861 0.139296 0.22808
4 0.528856 0.0452083 0.0237795 0.0789085
4 0.492937 0.0382189 0.0238194 0.0689339
3 0.194292 0.675653 0.136362 0.219677
4 0.492599 0.0396718 0.0238838 0.0701375
4 0.530213 0.0446884 0.0236931 0.0795162
3 0.186497 0.679369 0.121354 0.217445
4 0.492039 0.039236 0.024699 0.0717742
4 0.529864 0.0443494 0.02604 0.0840628
4 0.489774 0.0392249 0.0245397 0.0723081
3 0.168385 0.680709 0.0875087 0.207742
4 0.452313 0.0325586 0.0259314 0.0651172
4 0.52884 0.0439987 0.0257781 0.0841482
3 0.161375 0.680508 0.0790279 0.196074
4 0.528916 0.0414207 0.0229168 0.071185
4 0.528915 0.0412884 0.0229877 0.07169
4 0.528807 0.041408 0.023102 0.0712643
4 0.528935 0.0413474 0.0230803 0.0712559
4 0.528902 0.0411043 0.0232004 0.07141
4 0.528834 0.0408765 0.0233218 0.0713066
0 0.492709 0.188007 0.058124 0.232194
4 0.528957 0.0406167 0.0234631 0.0713999
4 0.528911 0.0406922 0.0231338 0.0717044
3 0.493746 0.190735 0.0587965 0.232732
4 0.528938 0.0406063 0.0233184 0.0721763
4 0.529324 0.0404867 0.023519 0.0723672
4 0.52932 0.0405043 0.0235071 0.0724979
3 0.161171 0.693955 0.0761251 0.192986
3 0.494125 0.189177 0.059179 0.234304
4 0.529018 0.0399863 0.0243748 0.0720245
4 0.529099 0.0400422 0.0243434 0.0717022
4 0.528906 0.0399883 0.0246808 0.0713825
3 0.494688 0.192493 0.0585199 0.229553
4 0.52891 0.0400624 0.0243128 0.0712014
4 0.529133 0.0402301 0.0245085 0.0711016
3 0.49405 0.192132 0.0584202 0.228299
4 0.529189 0.0403392 0.0242243 0.0707852
4 0.528987 0.0402696 0.0244288 0.0715393
4 0.528964 0.0403264 0.0244877 0.0720079
4 0.529393 0.0411548 0.0252835 0.0751377
4 0.52936 0.0406079 0.0241821 0.0737273
4 0.529121 0.040423 0.0243429 0.0733962
4 0.529424 0.0403058 0.024118 0.0737845
4 0.529535 0.0404431 0.0241035 0.0738989
4 0.529163 0.0405941 0.0243238 0.0715533
4 0.529207 0.0407451 0.0241982 0.0716143
4 0.52899 0.0405378 0.0246266 0.072198
4 0.528744 0.0406094 0.0243244 0.0714115
4 0.52907 0.040347 0.0242073 0.0722251
4 0.529206 0.0404803 0.0238453 0.071064
4 0.529289 0.0409577 0.0233568 0.0701313
4 0.52946 0.0404897 0.0236016 0.0703796
3 0.19925 0.672742 0.142473 0.203683
4 0.529619 0.0406591 0.0235136 0.0702972
4 0.529847 0.0406879 0.0235337 0.0695109
3 0.199674 0.672554 0.14414 0.204206
4 0.529865 0.040298 0.023602 0.0700738
4 0.529895 0.0404632 0.0235487 0.0696986
3 0.199715 0.673441 0.144651 0.208015
4 0.529886 0.0407696 0.0227691 0.0686262
4 0.529998 0.0402592 0.0231646 0.0701969
3 0.199049 0.672947 0.144305 0.210707
4 0.529874 0.040308 0.023289 0.0696005
3 0.197681 0.672668 0.143469 0.213839
3 0.49629 0.192935 0.0536327 0.221949
4 0.530021 0.0401525 0.0231915 0.069551
4 0.530056 0.0398075 0.0233817 0.0696928
3 0.197068 0.67303 0.143473 0.216556
3 0.496487 0.193093 0.0533898 0.221162
4 0.529747 0.0397625 0.0234276 0.0702996
4 0.529721 0.0398119 0.0232954 0.06953
3 0.197106 0.672083 0.143755 0.216439
3 0.496524 0.193902 0.0528175 0.220088
4 0.529572 0.0398361 0.0235968 0.0703259
4 0.529865 0.0399893 0.0236698 0.0705392
3 0.197091 0.672384 0.143744 0.219011
3 0.496737 0.193765 0.0524513 0.220054
4 0.529822 0.0401139 0.0235995 0.0702437
3 0.19621 0.672815 0.142386 0.223452
3 0.496829 0.194001 0.0524305 0.219807
4 0.529571 0.0402385 0.023413 0.0695194
4 0.529427 0.0400545 0.0235099 0.069373
3 0.196559 0.67211 0.140533 0.226345
3 0.49581 0.191086 0.0533884 0.225719
4 0.529369 0.0398743 0.0235394 0.069356
3 0.196678 0.670261 0.138523 0.236373
3 0.495685 0.19065 0.0537701 0.226923
4 0.529014 0.0400313 0.02325 0.068341
4 0.528626 0.0400419 0.022994 0.0680686
3 0.197103 0.666771 0.134202 0.2467
3 0.495605 0.190568 0.0534271 0.227099
4 0.528621 0.0403687 0.0225001 0.0672353
4 0.529201 0.0406697 0.0221723 0.0662906
3 0.196228 0.669824 0.131798 0.260327
3 0.495907 0.191226 0.0535461 0.225463
4 0.529138 0.0409046 0.0220417 0.0665191
4 0.529209 0.040786 0.0221104 0.0666595
3 0.145236 0.672537 0.104469 0.190768
3 0.50086 0.197093 0.0522439 0.213158
4 0.529269 0.0408606 0.0220702 0.0669432
3 0.200503 0.629044 0.118185 0.252346
4 0.529231 0.0409694 0.0220926 0.0667439
4 0.528993 0.0406629 0.022084 0.0671753
3 0.303591 0.536195 0.0763037 0.248987
3 0.502385 0.244897 0.0420658 0.234778
4 0.528921 0.0408003 0.0219889 0.0674624
4 0.528882 0.0405867 0.0222524 0.0677436
3 0.303351 0.536522 0.0796544 0.245481
3 0.502935 0.245303 0.042473 0.237666
4 0.528937 0.0403969 0.0225944 0.0680809
3 0.305282 0.53936 0.0789268 0.243493
3 0.503356 0.244563 0.0420967 0.236053
4 0.528736 0.040707 0.0224219 0.0677552
4 0.528684 0.0407146 0.022464 0.0677619
3 0.311834 0.54243 0.0770887 0.241098
3 0.504018 0.24688 0.042321 0.23343
4 0.528635 0.0406631 0.0224812 0.0678007
4 0.527858 0.0403339 0.0233395 0.0696614
3 0.318515 0.543214 0.0750701 0.23941
3 0.504265 0.245483 0.0416739 0.232626
4 0.527902 0.0401693 0.0235829 0.070072
3 0.327716 0.547129 0.0810749 0.225719
3 0.504411 0.246609 0.0408847 0.232473
4 0.527933 0.0400398 0.0238209 0.0707249
4 0.528081 0.0398379 0.0239777 0.0710059
3 0.335611 0.551666 0.0780326 0.218449
3 0.504545 0.248958 0.041139 0.238065
4 0.528274 0.0398247 0.0240996 0.0706048
3 0.344161 0.56818 0.0792655 0.227889
3 0.504626 0.248962 0.0412691 0.238313
4 0.527989 0.0398022 0.0244507 0.0702432
3 0.504183 0.250039 0.0425396 0.241037
4 0.527641 0.0396298 0.0246698 0.0704458
4 0.527538 0.0395874 0.0246995 0.0706465
3 0.36016 0.572853 0.091917 0.199762
3 0.50391 0.25194 0.042264 0.244231
4 0.527324 0.0394271 0.0245932 0.0709779
3 0.368103 0.5789 0.0984509 0.184134
3 0.503917 0.253173 0.0423979 0.247958
4 0.527548 0.039234 0.0247183 0.0711445
4 0.527797 0.0394748 0.0246378 0.0705669
3 0.373522 0.581763 0.111016 0.177523
3 0.503794 0.256057 0.0420382 0.250821
4 0.528065 0.0393944 0.0246883 0.0706846
3 0.37633 0.587259 0.124695 0.179668
3 0.503116 0.257903 0.0417974 0.250706
4 0.528322 0.0393022 0.0245045 0.0702865
4 0.528226 0.0393372 0.0242651 0.0702129
3 0.502531 0.258406 0.0422735 0.253641
0 0.375927 0.589442 0.116455 0.170391
4 0.528093 0.0397023 0.023881 0.0698214
3 0.502525 0.260108 0.0424297 0.255062
0 0.376471 0.59001 0.109435 0.168321
4 0.527887 0.0396299 0.0243753 0.0704384
3 0.502913 0.261115 0.0423681 0.249502
0 0.385753 0.597244 0.125912 0.175701
4 0.5278 0.0400356 0.0241522 0.0699694
4 0.527755 0.0399609 0.0241976 0.0699256
3 0.502791 0.264166 0.0435129 0.244474
3 0.398618 0.614996 0.143755 0.2017
0 0.395761 0.619719 0.140287 0.207736
4 0.527901 0.0400364 0.0242802 0.0701631
3 0.502724 0.264782 0.0438471 0.243539
3 0.405181 0.621101 0.152832 0.202786
0 0.405676 0.630226 0.152284 0.222193
4 0.528017 0.0400772 0.0242596 0.0705396
3 0.502784 0.265928 0.0445652 0.245259
3 0.41004 0.62256 0.156283 0.200917
4 0.527585 0.0403927 0.0237462 0.0706821
4 0.527909 0.040065 0.0239071 0.0712847
3 0.503004 0.265057 0.0448909 0.245654
3 0.414411 0.645099 0.158949 0.233566
3 0.415008 0.741716 0.160404 0.427789
4 0.527661 0.0398758 0.0242695 0.0715432
3 0.503172 0.264756 0.0457858 0.248013
3 0.418822 0.707976 0.163932 0.353205
4 0.527622 0.0398827 0.0242841 0.0717423
4 0.527769 0.0398301 0.0242826 0.0719568
3 0.50312 0.263898 0.0451832 0.249751
3 0.421323 0.681734 0.163685 0.299265
0 0.422043 0.683745 0.161788 0.302272
4 0.527877 0.0402319 0.0241146 0.0719472
3 0.502717 0.264297 0.0442688 0.253037
3 0.42444 0.682732 0.163938 0.300495
0 0.424931 0.684101 0.162309 0.301695
4 0.52803 0.0400199 0.0242538 0.0717264
4 0.527963 0.0398009 0.0243936 0.0717908
3 0.426826 0.679831 0.164171 0.294972
3 0.503264 0.267282 0.0446247 0.257803
4 0.528113 0.0400885 0.0242044 0.0716382
3 0.427993 0.676659 0.165361 0.291323 1
4 0.527957 0.0404266 0.024166 0.071926
4 0.528204 0.0404092 0.0243037 0.071895
3 0.430804 0.678446 0.164804 0.293514 1
4 0.528024 0.0402708 0.0241287 0.0716689
4 0.528239 0.0402588 0.0242004 0.0717834
3 0.432554 0.677305 0.166333 0.294526 1
4 0.528212 0.0401856 0.024094 0.072002
4 0.528208 0.0401903 0.024148 0.0718929
3 0.433374 0.677806 0.167979 0.296129 1
4 0.528308 0.0404775 0.0249899 0.0735937
4 0.528333 0.039997 0.0241286 0.0726718
3 0.43443 0.677438 0.167343 0.297801 1
4 0.528454 0.0405091 0.0249269 0.0738774
4 0.528352 0.0405173 0.0250521 0.0742498
3 0.435222 0.677816 0.16732 0.300061 1
4 0.528368 0.0405239 0.0250875 0.0742514
4 0.528491 0.040361 0.0232407 0.0719085
3 0.43567 0.678365 0.167301 0.300792 1
4 0.528431 0.0400012 0.023411 0.0718341
4 0.528176 0.0397316 0.0235946 0.0721244
3 0.435714 0.677802 0.166695 0.303822 1
4 0.527895 0.039571 0.0235865 0.0722301
4 0.527869 0.0401786 0.0247128 0.0737386
3 0.435363 0.678338 0.164456 0.306939 1
4 0.528043 0.0397737 0.0234395 0.0717135
4 0.528342 0.0397709 0.0236177 0.0717876
3 0.433825 0.675863 0.161104 0.307641 1
4 0.52852 0.0396346 0.0237492 0.0721625
4 0.528197 0.0398405 0.0236224 0.0715703
4 0.528179 0.0398176 0.0237272 0.0718807
3 0.502099 0.287128 0.0491474 0.261213
3 0.433361 0.673754 0.158696 0.31259
4 0.528271 0.0398924 0.0236631 0.0717351
4 0.528305 0.0398464 0.0238213 0.0716998
3 0.502679 0.288846 0.0493675 0.264445
3 0.43155 0.670748 0.157797 0.316577
4 0.528142 0.0394387 0.0244234 0.0728769
4 0.527985 0.0399136 0.0234768 0.0715757
3 0.502357 0.290133 0.049185 0.26845
3 0.429892 0.669505 0.155032 0.321437
4 0.527911 0.0399964 0.0234988 0.0716514
4 0.528028 0.0402325 0.0233275 0.0715299
3 0.502183 0.292399 0.0485319 0.273214
3 0.426881 0.665661 0.152539 0.319266
4 0.528355 0.0406191 0.0230142 0.0712556
4 0.528386 0.0405741 0.0232751 0.0714865
3 0.502328 0.295684 0.0487823 0.278404
3 0.423498 0.617467 0.152136 0.231682
3 0.425281 0.70222 0.153926 0.405556
4 0.528333 0.0402897 0.0235693 0.0720024
4 0.528331 0.0405853 0.0233335 0.0714663
3 0.502503 0.296588 0.0491739 0.277484
3 0.419539 0.614326 0.151519 0.231225
4 0.528306 0.0406267 0.0231573 0.0709885
4 0.528559 0.0404309 0.0233896 0.0710736
4 0.52866 0.0405207 0.0234131 0.0712086
3 0.415949 0.611194 0.146582 0.233403 1
4 0.52865 0.0403593 0.0235409 0.0716681
4 0.528501 0.0407849 0.024496 0.0725904
3 0.413972 0.606122 0.145121 0.243009 1
4 0.528449 0.0409441 0.0241615 0.0719909
4 0.528702 0.0409836 0.0240175 0.0719293
4 0.528504 0.0411872 0.0241928 0.0721601
4 0.528483 0.0408978 0.0224427 0.0701878
4 0.528125 0.0408611 0.0223407 0.0704615
4 0.528117 0.0409002 0.0223234 0.0702111
4 0.528477 0.040369 0.0230955 0.0715481
3 0.411691 0.602938 0.142229 0.247793
3 0.502614 0.305626 0.0489889 0.284115
4 0.528671 0.040314 0.0232451 0.0715895
4 0.528973 0.0398651 0.0239859 0.0732939
3 0.503253 0.311817 0.0513103 0.28724
3 0.392931 0.580521 0.124792 0.262881
4 0.529011 0.0399336 0.0238168 0.0723823
4 0.52926 0.0403234 0.0238552 0.0730195
4 0.555223 0.437271 0.0660427 0.343428
3 0.419529 0.565337 0.102308 0.424604
3 0.554377 0.440521 0.0675141 0.354831
3 0.517212 0.244741 0.0467279 0.241334
4 0.529284 0.040106 0.0240499 0.0736307
4 0.529547 0.0403917 0.0236797 0.0730902
3 0.535175 0.537815 0.111458 0.375992
3 0.410354 0.571356 0.116077 0.395057
3 0.451318 0.366884 0.0620471 0.321063
4 0.529462 0.0401733 0.0238095 0.0736268
3 0.535443 0.53746 0.111303 0.377499
3 0.410808 0.570433 0.115619 0.400197
3 0.447199 0.368114 0.0615611 0.324361
4 0.529648 0.0398814 0.0239044 0.0739654
4 0.529675 0.0408684 0.024621 0.0746562
3 0.535065 0.537263 0.111704 0.377522
3 0.410609 0.57024 0.117112 0.407359
3 0.444189 0.368476 0.0610938 0.327743
4 0.529087 0.0409455 0.0253098 0.0756231
4 0.528816 0.0410861 0.0256008 0.0758356
3 0.534852 0.537153 0.111608 0.377162
3 0.41091 0.575106 0.115828 0.409751
3 0.439998 0.369211 0.0658863 0.330804
4 0.528756 0.0403812 0.0239846 0.0747489
4 0.527997 0.0412662 0.0226759 0.0719931
3 0.535162 0.537415 0.112432 0.37736
3 0.435869 0.374573 0.0662868 0.339324
3 0.411616 0.579075 0.113071 0.419196
4 0.527602 0.0412396 0.0230225 0.0726698
3 0.535171 0.537415 0.113136 0.377847
3 0.432764 0.378221 0.0674007 0.330926
3 0.411495 0.585659 0.112155 0.427418
4 0.527144 0.0422178 0.0243441 0.0738579
3 0.535344 0.536697 0.114208 0.37689
3 0.427008 0.331988 0.0623859 0.227613
3 0.41212 0.590021 0.110347 0.429634
4 0.526955 0.0410293 0.0232963 0.0725756
4 0.526919 0.0419946 0.024561 0.0744031
3 0.535311 0.536958 0.115231 0.377715
3 0.423885 0.329385 0.0587131 0.218234
3 0.41337 0.592089 0.108531 0.435604
4 0.526185 0.0422973 0.0241713 0.0744502
4 0.52604 0.0423071 0.0242031 0.0747495
3 0.535701 0.536129 0.115595 0.377424
3 0.41492 0.583 0.105687 0.456179
3 0.42 0.327264 0.0547097 0.209199
4 0.525687 0.0424431 0.0239426 0.0746785
3 0.535801 0.534892 0.115466 0.378088
3 0.415867 0.325921 0.0544361 0.195305
3 0.415059 0.592539 0.103511 0.444936
4 0.525938 0.0424262 0.0243439 0.0749627
4 0.525766 0.0424997 0.0245447 0.0750545
3 0.536154 0.534226 0.115768 0.376502
3 0.414594 0.327132 0.057522 0.20139
3 0.414051 0.585433 0.104724 0.45927
4 0.525664 0.042543 0.0237772 0.0739888
3 0.536267 0.534479 0.116797 0.376598
3 0.412873 0.328558 0.0596787 0.196958
3 0.414672 0.589051 0.107103 0.460269
4 0.525837 0.0429953 0.023689 0.0734619
4 0.52549 0.0423987 0.0254457 0.0769263
3 0.406515 0.330521 0.0687187 0.190723
3 0.536368 0.534737 0.116847 0.377328
4 0.526196 0.0428603 0.0238905 0.0756529
3 0.404453 0.331271 0.0716663 0.189674
3 0.536233 0.536399 0.117567 0.378587
4 0.526524 0.043361 0.0238425 0.0759135
4 0.526215 0.0431557 0.0235095 0.0761108
3 0.402023 0.333868 0.0753196 0.19068
3 0.536745 0.535721 0.118014 0.37866
4 0.526322 0.0440469 0.0236718 0.0777148
3 0.400538 0.336675 0.0777743 0.189773
3 0.537025 0.535368 0.118468 0.379116
4 0.526286 0.0438913 0.0250899 0.081316
4 0.526109 0.0448877 0.0252124 0.0818299
3 0.398993 0.34108 0.0802569 0.18911
3 0.538312 0.534697 0.116954 0.378874
4 0.525465 0.0444582 0.0244501 0.0789259
3 0.397441 0.345593 0.0824043 0.181656
3 0.540092 0.535018 0.113541 0.378544
4 0.526001 0.0455534 0.0249588 0.0791906
3 0.395426 0.350555 0.0860591 0.181318
3 0.540818 0.534961 0.112322 0.379721
4 0.526329 0.0454218 0.0255779 0.082493
3 0.391995 0.355089 0.0929444 0.178343
3 0.541312 0.533913 0.1117 0.380871
4 0.539251 0.047721 0.0258719 0.0874827
3 0.391828 0.382122 0.0977732 0.218601
3 0.543658 0.53455 0.107149 0.379542
4 0.540626 0.0487678 0.0269162 0.0904842
3 0.391868 0.387774 0.0965807 0.217751
3 0.546639 0.534441 0.102021 0.37765
4 0.540805 0.0491946 0.0267117 0.0887106
3 0.389023 0.382388 0.0984068 0.195616
3 0.548811 0.534193 0.0977768 0.377174
4 0.541488 0.0492264 0.0258177 0.0893729
4 0.541093 0.0514814 0.0246348 0.0848746
3 0.389486 0.392313 0.0994063 0.204297
3 0.549966 0.534024 0.0963966 0.377809
4 0.542866 0.0518641 0.0257387 0.0849327
3 0.389427 0.410769 0.10182 0.23523 1
4 0.543408 0.0528507 0.0250126 0.0830722
3 0.3908 0.41488 0.0992834 0.234427
3 0.551681 0.53487 0.0943165 0.380443
3 0.368521 0.54282 0.0935081 0.259697
4 0.544449 0.052691 0.0270811 0.0905621
4 0.544497 0.0530819 0.0270434 0.090112
3 0.390842 0.416442 0.0996522 0.230302
3 0.553388 0.53377 0.0912029 0.380598
3 0.364835 0.548253 0.0906865 0.247924
4 0.5452 0.0543219 0.0273375 0.0878206
3 0.387936 0.417209 0.106627 0.226423
3 0.553548 0.535056 0.089077 0.375996
4 0.545462 0.0523886 0.0280766 0.0920161
3 0.387217 0.418667 0.108675 0.224137
3 0.553921 0.53548 0.0880501 0.377435
4 0.545839 0.0527727 0.0275278 0.0875765
3 0.387214 0.420169 0.109036 0.223568
3 0.551148 0.539448 0.0944394 0.388006
4 0.545944 0.0533897 0.0265087 0.0831128
4 0.54722 0.0544048 0.0246012 0.0820247
3 0.387997 0.421361 0.108582 0.223388
3 0.547061 0.539961 0.102758 0.388332
3 0.346522 0.556012 0.0877897 0.219312
4 0.546594 0.0561637 0.025956 0.0798906
3 0.550352 0.539749 0.095669 0.38937
3 0.389035 0.422837 0.107014 0.224214
4 0.547222 0.0567817 0.0242133 0.0777061
4 0.547852 0.0632604 0.0244827 0.0713107
3 0.389201 0.423453 0.108022 0.222473
3 0.55074 0.538097 0.0948904 0.389452
3 0.343328 0.563166 0.0847047 0.23272
4 0.549618 0.0672621 0.0245661 0.0702885
3 0.388486 0.422363 0.10893 0.220201
3 0.550906 0.53774 0.0949879 0.388119
3 0.340933 0.557924 0.0828056 0.221252
4 0.551037 0.0658811 0.0248552 0.0762411
4 0.552538 0.0660604 0.0255518 0.0775383
3 0.550762 0.536955 0.0958813 0.387819
3 0.38879 0.422014 0.109354 0.220935
3 0.337528 0.557094 0.0861785 0.219309
4 0.553224 0.0653737 0.0262075 0.0811678
3 0.551054 0.535612 0.0963087 0.387712
3 0.388854 0.422548 0.110438 0.221484
4 0.554445 0.0651089 0.0261056 0.082393
3 0.55486 0.533381 0.0871357 0.382398
3 0.390309 0.422923 0.107453 0.219543
4 0.555131 0.065041 0.0254267 0.0829298
4 0.555428 0.0642818 0.025355 0.0821098
3 0.555415 0.533012 0.086512 0.382865
3 0.390696 0.423764 0.105937 0.220552
4 0.556758 0.0625978 0.0249712 0.0845649
3 0.558355 0.533208 0.0813814 0.382728
3 0.390853 0.423915 0.1058 0.22052
3 0.316918 0.566613 0.0918403 0.19131
4 0.556945 0.0636429 0.0250239 0.0829861
4 0.557153 0.064243 0.0250919 0.0839094
3 0.559315 0.534119 0.0804304 0.380924
3 0.387565 0.425285 0.114198 0.222753
3 0.312175 0.568918 0.0934878 0.18854
4 0.557666 0.066995 0.026192 0.0837849
3 0.560157 0.533181 0.0798252 0.380368
3 0.387165 0.42534 0.115459 0.223973
0 0.384994 0.419987 0.118577 0.222562
4 0.558248 0.0705256 0.0259014 0.0796976
4 0.559264 0.0711811 0.026536 0.0827813
3 0.388367 0.425265 0.112546 0.223572
3 0.560367 0.531821 0.0799018 0.380956
4 0.560032 0.0714186 0.0280326 0.0854939
3 0.389639 0.425692 0.109884 0.223518
3 0.559846 0.529732 0.0810715 0.379353
4 0.560982 0.0739199 0.0271341 0.080454
3 0.390117 0.425612 0.109046 0.222886
3 0.560974 0.529265 0.0806406 0.38117
4 0.561083 0.0736519 0.028359 0.0831322
4 0.562957 0.0716412 0.0304632 0.0878235
3 0.390068 0.425148 0.108555 0.221978
3 0.562209 0.528539 0.0795692 0.383229
4 0.56295 0.0722638 0.0310453 0.0876297
3 0.390182 0.424645 0.108429 0.221837
3 0.562425 0.529916 0.0793884 0.384153
4 0.565187 0.0669669 0.0337696 0.0999099
4 0.565262 0.0651429 0.0371965 0.104733
3 0.389428 0.424636 0.11001 0.222378
3 0.563084 0.530387 0.0794135 0.384658
4 0.569614 0.065519 0.0338289 0.105264
3 0.389207 0.424477 0.110418 0.222293
3 0.564015 0.531445 0.0793711 0.385576
4 0.570022 0.0687572 0.0325891 0.103584
4 0.571721 0.0681977 0.0314153 0.113283
3 0.388638 0.424792 0.110796 0.223014
3 0.565138 0.531143 0.0782143 0.385044
4 0.573475 0.0698049 0.0313551 0.113687
3 0.38831 0.424444 0.111103 0.223136
3 0.565412 0.531202 0.0787734 0.383327
4 0.574264 0.076561 0.0338911 0.112906
3 0.387465 0.425035 0.112491 0.226466
3 0.565769 0.535549 0.0793682 0.385301
4 0.573443 0.0720156 0.0316326 0.117562
4 0.574121 0.0758845 0.0310031 0.112689
3 0.387543 0.424709 0.111531 0.227204
3 0.565809 0.536864 0.0795361 0.383303
4 0.575628 0.0768796 0.0312189 0.108285
4 0.576524 0.0763806 0.028587 0.10967
3 0.387423 0.425392 0.111587 0.225932
3 0.566364 0.539769 0.0799371 0.380915
4 0.57723 0.0775641 0.0296684 0.104422
3 0.387505 0.424836 0.111746 0.22697
3 0.566485 0.540923 0.0804646 0.380847
4 0.578069 0.0775299 0.030047 0.105023
3 0.387844 0.423517 0.111202 0.229357
3 0.566499 0.542358 0.0808949 0.378023
4 0.578541 0.076204 0.0306266 0.106564
4 0.578273 0.076428 0.0308912 0.11032
3 0.387488 0.423142 0.111887 0.229793
3 0.566956 0.543046 0.082021 0.371304
4 0.579615 0.0816398 0.0306067 0.10749
3 0.386705 0.423472 0.112529 0.22984
3 0.566642 0.545343 0.0834675 0.368736
4 0.580368 0.085188 0.0301208 0.10158
3 0.387026 0.423985 0.111561 0.229753
3 0.56581 0.547106 0.0839737 0.36663
4 0.579841 0.0888542 0.0297699 0.0963237
4 0.580599 0.0897786 0.0294148 0.0966772
3 0.386823 0.42316 0.11211 0.231368
3 0.56483 0.549119 0.0856592 0.364395
4 0.5809 0.0913527 0.0289391 0.0965699
3 0.386807 0.420425 0.111717 0.237207 1
4 0.581007 0.0909871 0.0288868 0.0969789
4 0.582201 0.0928426 0.0282288 0.0947615
3 0.387055 0.418461 0.112231 0.2342 1
4 0.583555 0.0899088 0.0291487 0.0988871
3 0.386412 0.416269 0.112657 0.238052 1
4 0.583669 0.087228 0.0300523 0.101264
3 0.386254 0.415663 0.112151 0.244136 1
4 0.584864 0.0853442 0.0316498 0.106476
4 0.585213 0.084412 0.0327328 0.109731
3 0.386836 0.415005 0.110804 0.245353 1
4 0.586841 0.0921919 0.0318802 0.107707
3 0.387477 0.413577 0.110364 0.242295 1
4 0.587871 0.0934466 0.0325352 0.108178
3 0.388162 0.413702 0.109065 0.240739 1
4 0.588711 0.0933202 0.0340036 0.108691
4 0.589544 0.0936202 0.0350892 0.112789
3 0.387105 0.413304 0.110756 0.24155 1
4 0.591556 0.095688 0.033939 0.111953
3 0.38699 0.413312 0.110731 0.24114 1
4 0.591708 0.0993852 0.0335239 0.109148
4 0.592412 0.101932 0.03288 0.106331
3 0.386989 0.414918 0.108357 0.243891 1
4 0.593461 0.0997268 0.0343321 0.110603
4 0.59494 0.101608 0.0321663 0.109395
3 0.386673 0.414046 0.109245 0.242877 1
4 0.594986 0.101254 0.0321564 0.111496
3 0.386455 0.414866 0.109557 0.243148 1
4 0.595996 0.100279 0.0313409 0.112842
3 0.386754 0.4152 0.109821 0.241089
3 0.550497 0.573319 0.104327 0.333779
0 0.528348 0.571658 0.147375 0.333896
4 0.596212 0.0997294 0.0305187 0.113403
3 0.38632 0.414012 0.112241 0.238889 1
4 0.596595 0.1093 0.0317284 0.117043
4 0.598824 0.110608 0.0331165 0.115568
3 0.387283 0.415581 0.108712 0.241132 1
4 0.598633 0.109756 0.0343664 0.120667
3 0.390474 0.415862 0.102399 0.240951 1
4 0.598564 0.109157 0.0328874 0.120823
3 0.391486 0.415843 0.100368 0.240516 1
4 0.600024 0.111026 0.0338448 0.121295
4 0.60128 0.110973 0.034927 0.122282
3 0.392661 0.415256 0.0984953 0.242485 1
4 0.602663 0.112552 0.0342916 0.119416
3 0.392319 0.412454 0.0998586 0.248062 1
0 0.527245 0.578328 0.14645 0.322634 2
4 0.603015 0.114804 0.0340262 0.119788 1
3 0.395118 0.412457 0.0950499 0.24748
0 0.527036 0.579137 0.14639 0.321125
3 0.529582 0.579015 0.146077 0.319113
4 0.603308 0.114576 0.0340018 0.119833
4 0.604034 0.118028 0.0334737 0.114914 1
3 0.395398 0.411744 0.0948228 0.248051
0 0.528263 0.578911 0.14654 0.31998
3 0.528453 0.580976 0.147364 0.32453
4 0.604839 0.11463 0.0367823 0.122034
3 0.396919 0.412518 0.0919778 0.248009
3 0.528254 0.581458 0.148576 0.323806
0 0.528097 0.57947 0.147726 0.319254
4 0.606316 0.118575 0.0335589 0.117322 1
4 0.606296 0.121977 0.0366214 0.123899 1
3 0.394875 0.419289 0.095019 0.236433
0 0.527164 0.581567 0.144907 0.321344
3 0.3448 0.585576 0.106702 0.204725
3 0.529799 0.582906 0.140595 0.320722
0 0.386005 0.415348 0.112647 0.233995
4 0.606566 0.122029 0.0373802 0.125218 1
0 0.54376 0.528568 0.1328 0.407502
3 0.384351 0.417036 0.114232 0.242966
0 0.381311 0.420317 0.120203 0.251206
3 0.359811 0.589206 0.0960735 0.18917
4 0.607245 0.124284 0.0367439 0.12557 1
3 0.486866 0.609306 0.0932474 0.42767
0 0.565462 0.377724 0.108883 0.302693
3 0.418582 0.367545 0.0634107 0.245634
3 0.491617 0.593814 0.0943626 0.411306
0 0.567191 0.376899 0.105137 0.301271
3 0.419369 0.358918 0.0618393 0.251045
3 0.49671 0.58088 0.0998241 0.392454
0 0.568745 0.375786 0.103749 0.302663
3 0.419535 0.357946 0.0617458 0.24712
0 0.569667 0.374008 0.101302 0.300743
3 0.499945 0.575403 0.10199 0.395633
3 0.417842 0.357507 0.0664336 0.243953
4 0.607606 0.125877 0.036628 0.121698 1
3 0.506441 0.572756 0.109241 0.39448 1
4 0.609632 0.124842 0.0378618 0.122605 1
3 0.50972 0.572642 0.1132 0.400965
3 0.571795 0.370668 0.10033 0.297173
3 0.422151 0.35217 0.0633014 0.244248
0 0.571991 0.367818 0.100006 0.294866
4 0.608937 0.124851 0.0352298 0.118823 1
3 0.502614 0.571691 0.0979936 0.4022
0 0.572103 0.369538 0.100499 0.300704
3 0.421678 0.350387 0.0671962 0.244409
3 0.572739 0.370791 0.100669 0.301054
4 0.635442 0.164056 0.04039 0.143268 1
3 0.504689 0.570901 0.100098 0.404868
0 0.573201 0.373232 0.101208 0.314531
3 0.574534 0.377721 0.101656 0.318854
3 0.422544 0.350057 0.0666948 0.240756
4 0.690023 0.238069 0.0453289 0.161046 1
3 0.512051 0.570094 0.114089 0.404957
0 0.573537 0.376925 0.1054 0.324126
4 0.693072 0.23853 0.0465795 0.16083 1
3 0.51534 0.568795 0.118555 0.407022 1
3 0.518701 0.568027 0.127651 0.411458
0 0.576542 0.373449 0.10479 0.32862
4 0.695152 0.240389 0.0451824 0.168818 1
3 0.530824 0.566685 0.151515 0.410831 1
4 0.695289 0.242094 0.0455233 0.168864 1
3 0.541263 0.565823 0.170073 0.414303 1
4 0.697099 0.245315 0.0473834 0.170482 1
0 0.578865 0.35745 0.106665 0.312141
3 0.517048 0.56644 0.125658 0.409975
3 0.441261 0.345197 0.0513763 0.227312
4 0.699817 0.250778 0.0457902 0.168419 1
0 0.579232 0.347431 0.108399 0.299588
3 0.51439 0.567995 0.124358 0.408487
3 0.440294 0.341191 0.0600396 0.230235
0 0.40977 0.344405 0.117635 0.212413
4 0.700838 0.258475 0.0482765 0.173809 1
4 0.70176 0.260748 0.0488107 0.171401 1
3 0.511222 0.569303 0.115787 0.398523
0 0.577838 0.337001 0.10916 0.290571
0 0.415151 0.342727 0.115627 0.211328
3 0.436195 0.337571 0.0746403 0.217127
3 0.506146 0.56812 0.10632 0.400613
0 0.579135 0.337419 0.109268 0.295469
3 0.437446 0.334395 0.0775207 0.212885
3 0.453955 0.320297 0.047817 0.181009
4 0.700606 0.261515 0.0484026 0.168315 1
3 0.499324 0.565894 0.101445 0.410698
0 0.581162 0.340635 0.106072 0.305823
3 0.455739 0.32373 0.0518358 0.176777
4 0.704853 0.261638 0.0486628 0.170013 1
0 0.580261 0.3407 0.10501 0.304747
3 0.458087 0.325966 0.0591938 0.17356
3 0.436615 0.334438 0.099642 0.188785
0 0.430038 0.336856 0.112557 0.190642
4 0.705799 0.262318 0.0498405 0.172858 1
0 0.580257 0.338888 0.10462 0.301296
3 0.458237 0.320832 0.0648993 0.180057
0 0.430396 0.332991 0.117546 0.193486
3 0.434091 0.330281 0.111943 0.192031
4 0.749139 0.359509 0.0627614 0.20483 1
3 0.464286 0.332239 0.0599588 0.172797
0 0.580589 0.337203 0.103858 0.300556
0 0.434088 0.335414 0.116143 0.1862
3 0.582599 0.33628 0.100833 0.300326
4 0.755981 0.365546 0.0614601 0.210306 1
0 0.580464 0.336571 0.102665 0.298171
3 0.464057 0.328927 0.0669704 0.184211
0 0.438306 0.330363 0.116081 0.189724
4 0.758875 0.368375 0.0596901 0.211124 1
0 0.575983 0.296181 0.0903089 0.279511
0 0.454377 0.272814 0.106194 0.17408
4 0.764097 0.369499 0.0532825 0.21205 1
3 0.402176 0.732272 0.15058 0.521867
0 0.469274 0.198992 0.0760349 0.14096
3 0.321608 0.502636 0.0732987 0.38973
4 0.766257 0.370096 0.0534277 0.212723 1
3 0.467592 0.599708 0.124994 0.491392
3 0.345529 0.507416 0.0788992 0.405715
4 0.769937 0.373524 0.0582169 0.211055 1
3 0.467663 0.599595 0.124862 0.49035
3 0.346646 0.507096 0.079772 0.406081
4 0.770878 0.375873 0.0579815 0.210735 1
4 0.771644 0.377724 0.05794 0.20718 1
3 0.468175 0.600029 0.125881 0.490503
3 0.346472 0.506856 0.0826749 0.410927
4 0.772501 0.384229 0.0590151 0.210217 1
3 0.467577 0.600022 0.12686 0.49071
4 0.77628 0.393141 0.0621313 0.209942 1
3 0.466706 0.600382 0.12673 0.490831 1
4 0.777307 0.399637 0.0638634 0.216188 1
3 0.464522 0.600548 0.130622 0.488872 1
4 0.77849 0.401789 0.0630829 0.214031 1
3 0.462188 0.601102 0.131767 0.488067 1
4 0.781634 0.402683 0.0586991 0.207754 1
3 0.462027 0.600039 0.13167 0.490286 1
4 0.788669 0.407087 0.0555704 0.207467 1
3 0.461958 0.601126 0.130935 0.487007 1
4 0.790594 0.410279 0.0557109 0.210074 1
4 0.790799 0.410703 0.0574741 0.21038 1
3 0.461977 0.602354 0.130196 0.484646 1
3 0.461449 0.602751 0.131257 0.485109 1
3 0.461087 0.60373 0.132595 0.484869 1
4 0.792587 0.412621 0.0592293 0.21134 1
4 0.794086 0.414802 0.0606853 0.212743 1
4 0.7949 0.418192 0.0611982 0.214109 1
3 0.460513 0.604945 0.132697 0.483834 1
4 0.795961 0.424103 0.0642049 0.213898 1
4 0.797837 0.431675 0.0641956 0.205322 1
3 0.459655 0.605057 0.134146 0.483526
3 0.459394 0.605836 0.135328 0.481308
4 0.801054 0.442107 0.0676436 0.215244 1
3 0.459347 0.606524 0.136413 0.479817
4 0.803142 0.445414 0.0679332 0.217612 1
3 0.458851 0.606754 0.138193 0.480062
4 0.806432 0.451354 0.0657685 0.217659 1
3 0.457993 0.606238 0.139495 0.479628
4 0.810129 0.453596 0.0629477 0.218295 1
4 0.817643 0.454999 0.0561445 0.212986 1
3 0.457507 0.604232 0.141766 0.482191
4 0.81913 0.458626 0.0572937 0.217974 1
3 0.457495 0.604531 0.141697 0.4816
4 0.821135 0.460027 0.0579828 0.217537 1
3 0.456805 0.605241 0.142497 0.479871
4 0.823329 0.462593 0.0596445 0.220237 1
3 0.456137 0.605441 0.143005 0.479642
4 0.826483 0.469003 0.0607933 0.222612 1
3 0.455879 0.605719 0.143276 0.479185
0 0.45749 0.16639 0.0585768 0.127211
4 0.853733 0.513594 0.0624016 0.217575 1
3 0.455367 0.605023 0.143708 0.480139
0 0.457016 0.167493 0.0587658 0.128233
4 0.855635 0.530721 0.0639614 0.230596 1
3 0.454979 0.604347 0.144213 0.481975
0 0.456423 0.16694 0.0586649 0.128843
4 0.857552 0.539411 0.0651854 0.233676 1
4 0.858771 0.544426 0.0667984 0.232487 1
3 0.455921 0.606005 0.14182 0.475272
0 0.456275 0.166447 0.0582514 0.129071
4 0.861098 0.549231 0.0675226 0.229517 1
3 0.455646 0.606128 0.142272 0.475191
0 0.456534 0.166627 0.0590095 0.12967
4 0.866104 0.558847 0.0685734 0.226908 1
3 0.455109 0.606272 0.14378 0.475984
0 0.456755 0.166578 0.0590439 0.128548
4 0.870681 0.560526 0.0704416 0.232599 1
4 0.877347 0.564639 0.0662025 0.231873 1
3 0.454699 0.606306 0.144697 0.475936
0 0.456468 0.168201 0.0588861 0.1324
3 0.358456 0.46394 0.0694978 0.385749
4 0.881436 0.563322 0.0631668 0.229599 1
3 0.454746 0.606503 0.1445 0.47774
3 0.359351 0.463211 0.0681818 0.385809
4 0.884447 0.563712 0.0639815 0.230502 1
3 0.455424 0.606185 0.143282 0.477261
3 0.360058 0.462416 0.0676653 0.390595
4 0.885937 0.568631 0.0654839 0.230118 1
3 0.455021 0.607523 0.143219 0.479694
3 0.360046 0.461865 0.0662368 0.390849
4 0.88924 0.5725 0.0702568 0.231391 1
3 0.455667 0.607986 0.142954 0.481706
3 0.360857 0.462108 0.0654552 0.394224
4 0.890091 0.576871 0.0726219 0.246761 1
4 0.893625 0.59146 0.0724692 0.243991 1
3 0.455189 0.608416 0.14102 0.486024
3 0.362337 0.462544 0.0640824 0.392578
0 0.459983 0.170623 0.0630313 0.132486
4 0.894878 0.598249 0.0735355 0.247024 1
3 0.45563 0.610045 0.140821 0.487469
3 0.365072 0.462393 0.0646879 0.386188
4 0.895639 0.605844 0.0740612 0.251375 1
3 0.366536 0.460087 0.06383 0.386212
3 0.455647 0.612496 0.14266 0.495457
0 0.459141 0.173946 0.0632376 0.137195
4 0.897236 0.610294 0.0731171 0.252069 1
3 0.37022 0.459166 0.0639214 0.386328
3 0.456492 0.613651 0.145274 0.493964
0 0.458696 0.172446 0.0622189 0.140517
3 0.373139 0.459449 0.0650129 0.382152
3 0.457826 0.615857 0.142029 0.502289
0 0.458677 0.175011 0.0626258 0.144287
3 0.459628 0.618676 0.141305 0.504165
3 0.375917 0.454536 0.0612305 0.385245
0 0.458419 0.175084 0.0623507 0.144047
3 0.459584 0.621429 0.138443 0.501427
0 0.458573 0.175982 0.0624362 0.146037
3 0.379464 0.450495 0.0586805 0.381696
4 0.909036 0.611054 0.0638569 0.251977 1
3 0.459658 0.625532 0.136221 0.499824
0 0.458332 0.178063 0.0620661 0.150203
3 0.381753 0.440408 0.0591504 0.371406
4 0.910479 0.614754 0.0634354 0.24842 1
0 0.458294 0.178042 0.0618933 0.149427
3 0.459963 0.629115 0.134632 0.4974
3 0.382783 0.434892 0.0583128 0.365398
4 0.910693 0.618114 0.0635857 0.240138 1
0 0.45774 0.179769 0.0611416 0.152501
3 0.460536 0.631539 0.133075 0.498165
3 0.384077 0.429955 0.0585923 0.361269
4 0.91087 0.623591 0.0643257 0.235379 1
3 0.460662 0.634737 0.132537 0.497609
0 0.457423 0.180185 0.0609176 0.15473
3 0.384582 0.425094 0.0581925 0.352099
3 0.458942 0.635731 0.13546 0.494006
3 0.384903 0.422335 0.0583253 0.353367
0 0.457242 0.182301 0.0611965 0.157144
4 0.91246 0.624544 0.0691338 0.229398 1
3 0.460176 0.638414 0.133017 0.489613
3 0.386026 0.419293 0.0580687 0.351852
0 0.456597 0.181391 0.0605923 0.158772
4 0.914223 0.629138 0.0703152 0.232435 1
3 0.460108 0.6428 0.133109 0.488023
0 0.456219 0.182936 0.060692 0.162595
3 0.388371 0.415052 0.0582167 0.346888
4 0.915874 0.636749 0.0709515 0.238574 1
3 0.461109 0.639684 0.130499 0.493074
0 0.456061 0.18423 0.0608694 0.163566
3 0.389947 0.410856 0.0573043 0.341908
4 0.917048 0.646257 0.0712322 0.240163 1
3 0.462015 0.642215 0.129604 0.492306
0 0.454851 0.191481 0.0604728 0.178092
4 0.920261 0.65671 0.0760365 0.247503 1
3 0.462588 0.643557 0.128094 0.490872
0 0.454573 0.191861 0.059937 0.178754
4 0.921972 0.66576 0.0754642 0.244038 1
4 0.928079 0.672646 0.0706107 0.244839 1
3 0.463254 0.646067 0.127546 0.490202
0 0.453984 0.195083 0.0588466 0.184304
3 0.463643 0.647927 0.127684 0.489116
0 0.453902 0.195093 0.0588629 0.184892
3 0.462165 0.645495 0.127532 0.492014
0 0.453627 0.196957 0.0582195 0.183585
4 0.962308 0.754803 0.0672752 0.227713
4 0.962263 0.7489 0.0658699 0.226522
3 0.460507 0.644332 0.129466 0.497618
0 0.454074 0.196976 0.0584549 0.177135
4 0.962536 0.754026 0.0665896 0.233731
3 0.46067 0.64356 0.126925 0.500039
0 0.45364 0.198281 0.0584713 0.177419
4 0.962064 0.754478 0.0654533 0.226066
3 0.460645 0.643004 0.126913 0.500789
0 0.452762 0.200018 0.0576373 0.184112
4 0.96418 0.765069 0.0675491 0.228319
0 0.452362 0.199555 0.0581305 0.183308
3 0.458777 0.641802 0.129638 0.499079
0 0.45307 0.199975 0.0598457 0.177912
3 0.457216 0.642023 0.132136 0.500107
0 0.452582 0.201018 0.0606936 0.174347
3 0.456376 0.642084 0.133536 0.499019
3 0.455252 0.645128 0.134289 0.499191
0 0.454046 0.199749 0.0639441 0.173985
3 0.455455 0.64778 0.137637 0.498933
0 0.452983 0.201958 0.064135 0.175144
3 0.455348 0.651587 0.140802 0.50123
0 0.45124 0.203217 0.0632408 0.176742
3 0.4529 0.654136 0.142538 0.504401
0 0.449804 0.204451 0.062035 0.174992
3 0.450336 0.653733 0.144009 0.5166
3 0.446404 0.656368 0.144753 0.516964
3 0.444303 0.660202 0.147025 0.518411
3 0.442477 0.665401 0.154315 0.522897
3 0.437501 0.667041 0.147834 0.526863
3 0.426611 0.669182 0.133199 0.527655
3 0.422469 0.671184 0.131771 0.525444
4 0.476397 0.058719 0.0356829 0.108622
4 0.540513 0.110153 0.038959 0.124906 1
3 0.42074 0.673146 0.134782 0.52316
4 0.542668 0.112897 0.0423651 0.127478
2 0.754924 0.882119 0.129509 0.194701
2 0.780782 0.869983 0.075289 0.164308
3 0.419323 0.67576 0.134515 0.519152
4 0.618686 0.167004 0.0457345 0.154138 1
4 0.623763 0.168494 0.0420706 0.149002 1
3 0.418603 0.678989 0.137777 0.518941
4 0.623456 0.170629 0.0420435 0.14476 1
3 0.41639 0.686648 0.136469 0.520529
3 0.441571 0.254553 0.0570192 0.113781
4 0.622941 0.1704 0.0426496 0.144398 1
4 0.625016 0.169983 0.0424497 0.144341 1
3 0.413795 0.693046 0.135367 0.52774
3 0.442245 0.252934 0.0544167 0.114108
4 0.62794 0.175275 0.0408226 0.145248 1
3 0.344986 0.7599 0.155583 0.47403
0 0.47609 0.214971 0.0592319 0.0881587
4 0.627973 0.175567 0.0420292 0.152438 1
4 0.629833 0.1769 0.0428421 0.164167 1
0 0.488736 0.212873 0.0835863 0.0988431
3 0.229839 0.815919 0.184498 0.365079
4 0.630803 0.177182 0.0434851 0.162507 1
3 0.209696 0.812625 0.156852 0.37475 1
4 0.633289 0.18519 0.0440449 0.163813 1
3 0.2222 0.732056 0.13429 0.510312
4 0.634774 0.188987 0.0442023 0.162775 1
3 0.146055 0.783697 0.134585 0.431143
0 0.482061 0.216999 0.0721396 0.104995
4 0.636699 0.187834 0.0442193 0.163702 1
3 0.143644 0.784421 0.131979 0.429036
0 0.481234 0.216575 0.0717071 0.105655
4 0.638073 0.187676 0.0414978 0.159816 1
3 0.144426 0.784969 0.136561 0.428022
0 0.481235 0.216254 0.0711441 0.101086
3 0.483182 0.210703 0.063681 0.0894285
4 0.640773 0.187418 0.0405482 0.16018 1
4 0.642196 0.188677 0.0435837 0.162995 1
4 0.643902 0.185964 0.0435769 0.162579 1
3 0.144111 0.787345 0.139077 0.424446
0 0.481228 0.215391 0.0711484 0.0998408
3 0.483041 0.210086 0.0644241 0.0902186
4 0.645411 0.1908 0.0449216 0.16265 1
3 0.146516 0.78682 0.14278 0.424459
0 0.480329 0.21537 0.0701046 0.0988073
3 0.481084 0.210679 0.0641914 0.0922479
4 0.648717 0.201557 0.0469931 0.158126 1
4 0.64971 0.204134 0.0481918 0.156239 1
3 0.143163 0.788971 0.139069 0.420384
0 0.480592 0.214466 0.0693903 0.101142
3 0.47569 0.211902 0.0586569 0.0990186
3 0.155346 0.789159 0.161303 0.421681
0 0.477812 0.216301 0.0611473 0.101362
3 0.475153 0.211486 0.0565477 0.0972464
3 0.152317 0.791832 0.153557 0.412325 1
3 0.159419 0.795814 0.166777 0.407875 1
4 0.649842 0.204948 0.0484576 0.16221 1
3 0.157941 0.796621 0.162078 0.39881 1
4 0.650566 0.209524 0.0477938 0.159337 1
3 0.155701 0.799141 0.162208 0.396596 1
4 0.65694 0.213044 0.0530294 0.165137 1
3 0.155439 0.801706 0.159719 0.391327 1
4 0.658422 0.214242 0.0548117 0.167455 1
4 0.662507 0.21425 0.051115 0.166554 1
3 0.154617 0.805191 0.154982 0.384896 1
4 0.695005 0.246266 0.0444168 0.16302 1
4 0.78933 0.376115 0.0541081 0.21465 1
3 0.154391 0.807923 0.150325 0.381651 1
4 0.791494 0.380403 0.0517197 0.203076 1
3 0.157088 0.809202 0.152621 0.380765 1
4 0.793238 0.380629 0.0528627 0.200164 1
3 0.158727 0.809001 0.155852 0.380052 1
4 0.794463 0.379491 0.0484333 0.194016 1
4 0.796469 0.385533 0.0520973 0.199644 1
3 0.159845 0.808962 0.156425 0.379328 1
3 0.162116 0.80855 0.15767 0.37851 1
4 0.799013 0.385807 0.0545246 0.196192 1
3 0.162854 0.808687 0.157136 0.376217 1
4 0.802297 0.390069 0.0551926 0.199335 1
4 0.804003 0.394049 0.0567823 0.204254 1
3 0.16397 0.808893 0.157767 0.376005 1
4 0.804716 0.397669 0.0588528 0.206206 1
3 0.163455 0.809001 0.156157 0.375311 1
4 0.806154 0.403663 0.0631715 0.207918 1
3 0.163563 0.809149 0.156507 0.376329 1
3 0.16392 0.809031 0.158792 0.376816 1
4 0.808627 0.407063 0.0640886 0.21015 1
4 0.811153 0.410277 0.0642307 0.213134 1
3 0.164066 0.80893 0.159941 0.376661 1
4 0.860634 0.507059 0.0586529 0.214521 1
3 0.163517 0.808985 0.161825 0.376761 1
4 0.86136 0.511761 0.0619259 0.214819 1
3 0.163309 0.809154 0.161769 0.376237 1
4 0.861305 0.516714 0.0643194 0.216153 1
3 0.16314 0.8095 0.161708 0.375955 1
4 0.860881 0.522102 0.0658199 0.21678 1
3 0.162597 0.809325 0.163791 0.375516
0 0.477654 0.213125 0.0594582 0.100235
4 0.860717 0.530094 0.0655989 0.218864 1
3 0.162918 0.809034 0.164318 0.375814
0 0.478109 0.211763 0.0583967 0.0993785
4 0.863133 0.53535 0.0664082 0.229713 1
3 0.162468 0.808957 0.165452 0.376294
0 0.478183 0.212129 0.0579786 0.0989588
4 0.862257 0.541008 0.0645344 0.229526 1
3 0.162357 0.80853 0.164849 0.375897
0 0.478149 0.212544 0.0579783 0.0994281
4 0.862243 0.540298 0.0657402 0.231764 1
3 0.162781 0.808444 0.165344 0.375961
0 0.47799 0.212964 0.0580725 0.10036
4 0.863359 0.543251 0.064282 0.225823 1
3 0.163273 0.80825 0.166141 0.376557
0 0.478091 0.213018 0.058559 0.0998303
4 0.864676 0.540099 0.0655045 0.236261 1
3 0.163674 0.807814 0.165237 0.376784
0 0.478274 0.212488 0.0588872 0.0995016
4 0.863461 0.552509 0.0639168 0.204959
3 0.164308 0.807464 0.164046 0.37661
0 0.478393 0.212183 0.0588685 0.0994208
4 0.863716 0.551295 0.065654 0.208808 1
4 0.863635 0.542263 0.0664854 0.22658 1
3 0.16478 0.807341 0.16239 0.378115
0 0.478823 0.211841 0.0584566 0.099225
3 0.166337 0.805972 0.167774 0.382716
0 0.478061 0.212373 0.056097 0.0975453
4 0.860154 0.538897 0.0702577 0.241998 1
3 0.166217 0.805137 0.167572 0.385097
0 0.478161 0.212279 0.0587807 0.0996858
3 0.16423 0.805123 0.161146 0.3837
0 0.477058 0.213667 0.0568264 0.0998471
3 0.478106 0.208124 0.0541262 0.0877058
3 0.164758 0.804191 0.160678 0.384714 1
3 0.164635 0.803743 0.158575 0.38729 1
4 0.858033 0.544677 0.0724743 0.229206
2 0.89946 0.886545 0.117295 0.212951
3 0.164667 0.802714 0.156003 0.390529 1
4 0.857539 0.546003 0.0739632 0.231831 1
4 0.855356 0.547542 0.0761471 0.234385 1
3 0.164134 0.801543 0.152683 0.39339 1
4 0.851534 0.552594 0.0773346 0.238855 1
4 0.851601 0.551188 0.077948 0.240455 1
4 0.854466 0.551152 0.0785213 0.238881
4 0.882131 0.870361 0.109602 0.242953
3 0.163249 0.800385 0.149842 0.394931 1
4 0.851873 0.547177 0.0760616 0.244516
4 0.88034 0.868373 0.104684 0.250217
3 0.161431 0.799718 0.147774 0.396245 1
4 0.851292 0.542108 0.0685986 0.241133
3 0.160807 0.79871 0.147242 0.39808 1
4 0.853198 0.544255 0.0662062 0.247949
4 0.852675 0.54565 0.0687038 0.248852
3 0.156739 0.797363 0.144555 0.399308 1
4 0.850684 0.548606 0.0714497 0.24715
4 0.796647 0.79294 0.0980592 0.286989
4 0.788466 0.785855 0.0982934 0.293906 1
3 0.156624 0.796886 0.149568 0.406228 1
4 0.785461 0.783746 0.0989237 0.299226 1
4 0.787381 0.779791 0.102563 0.295785 1
4 0.786551 0.774456 0.101102 0.291395 1
4 0.786029 0.759454 0.10342 0.266618 1
3 0.156927 0.793219 0.148095 0.413563 1
4 0.786818 0.747135 0.109681 0.270582
0 0.827443 0.550118 0.108724 0.244117
4 0.78369 0.738909 0.102304 0.278895 1
3 0.15752 0.78929 0.144282 0.421421 1
3 0.268593 0.644544 0.108462 0.472312
0 0.506593 0.217925 0.0700037 0.109177
4 0.773323 0.730105 0.0912262 0.272513 1
3 0.363642 0.547195 0.117207 0.475915
4 0.76272 0.723547 0.108645 0.285515 1
3 0.36424 0.544561 0.119164 0.47163
4 0.757532 0.723363 0.11256 0.285673 1
3 0.363638 0.54325 0.120481 0.468763
4 0.753102 0.720823 0.120826 0.295883 1
3 0.362553 0.542295 0.119838 0.466429
4 0.746056 0.719454 0.113443 0.302222 1
4 0.740223 0.713346 0.105668 0.31699 1
3 0.362485 0.541622 0.119441 0.46686
4 0.7386 0.71154 0.103849 0.31913 1
3 0.359111 0.53799 0.117928 0.454084
4 0.732809 0.70609 0.09506 0.31663 1
4 0.736015 0.695202 0.102062 0.308551 1
3 0.356482 0.53902 0.110852 0.455755
4 0.734461 0.674053 0.101219 0.289523 1
3 0.354578 0.538364 0.107713 0.454959
3 0.354798 0.536319 0.10753 0.451788
4 0.734841 0.663445 0.104085 0.279378
4 0.821166 0.552639 0.0958506 0.266048
4 0.72947 0.659639 0.0977244 0.28361
4 0.820793 0.552813 0.0951473 0.267206
3 0.353437 0.536907 0.105075 0.453284
4 0.723933 0.655281 0.0900898 0.282742
4 0.820589 0.55144 0.0958714 0.263352
4 0.72146 0.652123 0.0924147 0.283399 1
3 0.351104 0.53502 0.103386 0.448723
4 0.716661 0.648777 0.0959873 0.282076 1
3 0.349442 0.536793 0.101508 0.44839
4 0.711262 0.648222 0.0956481 0.279839 1
4 0.706571 0.647328 0.093358 0.283346 1
3 0.348118 0.540828 0.102251 0.454199
4 0.703836 0.640821 0.0951332 0.296705 1
4 0.701255 0.637667 0.0908705 0.296878 1
3 0.346879 0.53733 0.103131 0.450382
4 0.69741 0.632484 0.082637 0.302275 1
3 0.346369 0.537059 0.103075 0.448653
4 0.695931 0.623905 0.0806512 0.298214 1
3 0.344012 0.538389 0.102178 0.447347
4 0.694731 0.605028 0.0825219 0.27759 1
4 0.692816 0.598253 0.0822567 0.277832 1
3 0.34018 0.539644 0.0992453 0.44683
4 0.689921 0.590272 0.0824992 0.26988 1
3 0.336194 0.539851 0.0949942 0.442191
3 0.334405 0.540385 0.0959906 0.444528
3 0.332883 0.540602 0.0971292 0.442642
3 0.331349 0.541492 0.0985037 0.441678
