4 0.302455 0.0449116 0.033806 0.084877
0 0.303282 0.0447991 0.0320704 0.0817812
4 0.30336 0.0473909 0.0329397 0.0827781
0 0.302801 0.0473641 0.0336752 0.0805127
0 0.301974 0.0449733 0.0346589 0.0861553
4 0.302217 0.0480043 0.0341452 0.0921316
0 0.29867 0.0465339 0.0346542 0.0835187
0 0.276176 0.0580172 0.0402438 0.109845
0 0.27327 0.0579523 0.042156 0.1123 1
0 0.273627 0.0575411 0.0398732 0.111812 1
0 0.272192 0.0568173 0.0399712 0.112521 1
0 0.27184 0.0576885 0.0405495 0.111854 1
0 0.267968 0.058193 0.0400212 0.115874 1
0 0.267554 0.0577993 0.0395047 0.115599 1
0 0.266939 0.0574599 0.0390551 0.114586 1
0 0.266542 0.0581695 0.0413031 0.116339 1
0 0.264202 0.059998 0.0398905 0.114185 1
0 0.263921 0.0584527 0.0396974 0.113849 1
0 0.263319 0.0587778 0.0403302 0.11614 1
0 0.262613 0.0594991 0.0394725 0.11487 1
0 0.260783 0.0586312 0.0392618 0.115407 1
0 0.260705 0.0585264 0.0385057 0.115802 1
0 0.259952 0.0577758 0.0370309 0.114327 1
0 0.259616 0.0582456 0.0364701 0.114823 1
0 0.258491 0.0584738 0.036782 0.115972 1
0 0.258787 0.0578075 0.0351566 0.115615 1
0 0.257934 0.058051 0.0353704 0.115705 1
0 0.257627 0.057777 0.0347555 0.115245 1
0 0.256398 0.0583496 0.0315019 0.113918
0 0.255987 0.0592921 0.0299455 0.112104
0 0.255917 0.0603529 0.0309404 0.113511
4 0.433892 0.0283431 0.0213722 0.0566861
4 0.434998 0.0298695 0.0217512 0.059739
4 0.436558 0.0299122 0.0224579 0.0598243
4 0.438094 0.029689 0.0244137 0.059378
4 0.450976 0.0304915 0.0250704 0.060983
4 0.451729 0.0316714 0.0257134 0.0633428
4 0.453597 0.0323896 0.0256666 0.0647793
4 0.454899 0.0320414 0.0273346 0.0640827
4 0.456192 0.0327451 0.0277469 0.0654902
4 0.457127 0.032687 0.0268248 0.0653739
4 0.457887 0.033384 0.027038 0.066768
4 0.45922 0.0328414 0.0246662 0.0656828
3 0.368946 0.521539 0.115399 0.396665
4 0.461056 0.0328669 0.0255077 0.0657338
4 0.463454 0.0332115 0.0249675 0.066423
3 0.427438 0.707891 0.166146 0.555111
0 0.427148 0.707764 0.168912 0.554436
4 0.465155 0.033539 0.0252771 0.0670781
3 0.4153 0.615183 0.138502 0.51117 1
3 0.415674 0.615333 0.139228 0.511811 1
0 0.485287 0.249769 0.0824687 0.379943 2
4 0.465137 0.0333621 0.0263195 0.0667242
3 0.415219 0.614853 0.138572 0.511566 1
0 0.487025 0.247056 0.0840612 0.382222 2
4 0.467053 0.0339679 0.0275213 0.0679357
3 0.415422 0.616049 0.139378 0.510486 1
4 0.467368 0.0338518 0.0282553 0.0677037
3 0.415719 0.616404 0.141034 0.513313 1
4 0.258186 0.06019 0.0294107 0.114318
4 0.469549 0.0346237 0.0286757 0.0692474
3 0.415539 0.616103 0.140737 0.513771 1
0 0.489396 0.228821 0.0868817 0.357159 2
4 0.506737 0.0443297 0.0235035 0.0814362
4 0.290009 0.0537245 0.038051 0.106729
4 0.509352 0.0440699 0.0225376 0.0795586
4 0.292589 0.0531504 0.0376531 0.102632
3 0.415746 0.615722 0.141632 0.518337 1
4 0.509747 0.0456896 0.0215863 0.0786042
4 0.293753 0.0521011 0.0374725 0.101522
3 0.415606 0.615532 0.140753 0.518376 1
4 0.509796 0.0445827 0.0215293 0.0791074
4 0.293985 0.0500222 0.0375946 0.0973835
3 0.415202 0.615358 0.141 0.517869 1
4 0.510446 0.0461534 0.0217812 0.0808151
4 0.2949 0.0483173 0.0382583 0.0922476
3 0.415293 0.615839 0.141542 0.518928 1
4 0.512733 0.0457259 0.0235806 0.0850231
4 0.296037 0.0467708 0.0368244 0.0899082
3 0.415655 0.615058 0.140871 0.520994 1
4 0.514135 0.0457307 0.0243217 0.085316
4 0.296336 0.0462335 0.0349649 0.087691
4 0.515367 0.0468787 0.0251491 0.0872265
4 0.297995 0.0438799 0.0326699 0.087304
3 0.416026 0.616343 0.141541 0.522128 1
4 0.515111 0.047062 0.0230989 0.0810828
3 0.416019 0.616616 0.14259 0.524034 1
4 0.517844 0.0466542 0.0254927 0.0832584
4 0.301474 0.0460506 0.0341744 0.0883101
0 0.301635 0.0453579 0.0353402 0.0883407
3 0.416082 0.616231 0.141551 0.524163 1
4 0.518431 0.0465807 0.02598 0.0819173
4 0.303309 0.046455 0.0366283 0.090411
3 0.415311 0.616653 0.141947 0.523557 1
4 0.51855 0.0455143 0.0270813 0.0836187
4 0.303223 0.0464569 0.034951 0.0890165
4 0.519822 0.0453842 0.0270875 0.0838975
4 0.303715 0.047463 0.0326516 0.0914185
3 0.415156 0.616718 0.142382 0.523345 1
4 0.525832 0.0448124 0.026635 0.0850731
4 0.304308 0.044909 0.0341028 0.0898181
0 0.305341 0.0431674 0.0330757 0.0863349
3 0.414865 0.617136 0.143355 0.523193 1
4 0.529601 0.0460852 0.0254671 0.0825021
4 0.304836 0.0438818 0.0341291 0.0877636
3 0.414718 0.617433 0.143905 0.522265 1
4 0.530786 0.0458148 0.0249617 0.0822267
4 0.304923 0.0449757 0.0358109 0.0899513
0 0.306111 0.0432365 0.0345523 0.0864731
3 0.415172 0.617262 0.144805 0.525248 1
4 0.530861 0.046938 0.0240179 0.0797136
4 0.306066 0.0428573 0.0323108 0.0857147
4 0.525402 0.0473609 0.0209141 0.0772227
0 0.306839 0.0426695 0.0299697 0.08516
4 0.531196 0.0458731 0.0235315 0.0790357 1
3 0.415178 0.616868 0.144603 0.525967 1
4 0.532329 0.0470518 0.0224039 0.079419 1
3 0.415656 0.616622 0.144794 0.526832 1
4 0.533891 0.0463575 0.0238429 0.0821607
0 0.309311 0.0408319 0.0322026 0.0783706
3 0.415703 0.616377 0.145119 0.528409 1
4 0.534767 0.0471986 0.0249081 0.084137
4 0.309566 0.0414455 0.0306326 0.0770254
4 0.538315 0.0486815 0.0261507 0.0843695
4 0.312085 0.0408107 0.0348102 0.0811943
3 0.415387 0.615994 0.144769 0.528097 1
4 0.539016 0.0470117 0.0266211 0.0852515
4 0.311895 0.0417751 0.034156 0.0835502
3 0.415566 0.615989 0.144552 0.528211 1
4 0.539151 0.0490033 0.0281673 0.0845253
0 0.312363 0.0406405 0.0313752 0.0812809
4 0.312566 0.0410567 0.0310237 0.0807641
3 0.416026 0.615639 0.143345 0.529367 1
4 0.53804 0.0496252 0.0277854 0.0814787
0 0.312715 0.0413496 0.0312052 0.0826993
4 0.31258 0.0419827 0.0304864 0.0813905
3 0.416301 0.615675 0.142624 0.530817 1
4 0.542986 0.0583409 0.0269136 0.0713987
4 0.315751 0.0397 0.0288035 0.077951
4 0.541964 0.054895 0.0277712 0.0742923
4 0.317043 0.0381765 0.0277885 0.076353
4 0.536889 0.0491858 0.0251788 0.0744172
3 0.416833 0.616349 0.141703 0.530097 1
4 0.546968 0.0554778 0.0289358 0.0802431
4 0.538054 0.0506347 0.0272064 0.0794996
0 0.317837 0.039142 0.0300182 0.0753898
3 0.419029 0.617044 0.136655 0.528667 1
4 0.552886 0.0579134 0.0223053 0.0755475
4 0.547016 0.0545605 0.0294582 0.073361
4 0.535261 0.0517785 0.0220188 0.0774192
3 0.421251 0.617989 0.130502 0.526786 1
4 0.552743 0.0578089 0.0218418 0.0749238
4 0.546572 0.0527244 0.0264767 0.0758607
3 0.418704 0.618485 0.128773 0.525329 1
4 0.553179 0.0565816 0.0229584 0.0775756
4 0.546588 0.052332 0.0271221 0.0771154
3 0.417395 0.619319 0.128463 0.519631 1
4 0.553059 0.057903 0.0233738 0.0779167
4 0.547291 0.0540191 0.0259384 0.0777011
4 0.553179 0.0583333 0.0250595 0.0794993
4 0.54652 0.0535385 0.0271601 0.0784153
3 0.419476 0.619585 0.123954 0.518378 1
4 0.553028 0.055828 0.0256104 0.0850643
4 0.561642 0.054023 0.026617 0.0859613
3 0.420508 0.617871 0.121447 0.516319 1
4 0.55603 0.0553199 0.0301464 0.0865381
3 0.420796 0.618788 0.120361 0.51481 1
4 0.574642 0.0597692 0.029458 0.0968416 1
3 0.421913 0.614323 0.118687 0.52007 1
4 0.574616 0.0594371 0.0295247 0.0970323 1
3 0.423193 0.613642 0.116586 0.520066 1
4 0.574505 0.0593924 0.0292075 0.0967593 1
3 0.423363 0.614232 0.116687 0.519678 1
4 0.574761 0.0589854 0.0294273 0.0973641
3 0.423189 0.613917 0.117838 0.519407 1
4 0.576172 0.0588832 0.031986 0.102146
3 0.422091 0.614972 0.119284 0.517898 1
4 0.57503 0.0582543 0.0291241 0.0974109
4 0.574998 0.0586903 0.0289484 0.0971174
3 0.422435 0.614192 0.119875 0.520113 1
4 0.575108 0.0584099 0.028965 0.0970806
3 0.421849 0.614284 0.119742 0.519405 1
4 0.57483 0.0588188 0.0286339 0.0958178
3 0.42252 0.614493 0.119609 0.519277 1
4 0.574917 0.0579858 0.0290993 0.0966081
4 0.429579 0.0350175 0.0263618 0.0624743
4 0.57612 0.0589428 0.0315025 0.101068
4 0.432149 0.0343413 0.0319551 0.0655229
3 0.422478 0.615966 0.118961 0.517682 1
4 0.575074 0.0584617 0.029291 0.0966399
4 0.433974 0.0351179 0.030307 0.0667553
3 0.422492 0.616497 0.119882 0.517347 1
4 0.574789 0.0588144 0.0286018 0.0952772
4 0.435897 0.035 0.028348 0.0676882
3 0.422549 0.616795 0.118925 0.516114 1
4 0.574854 0.0587119 0.0287466 0.0957036
4 0.439309 0.0348709 0.0291363 0.0690224
3 0.422553 0.617365 0.118732 0.514868 1
4 0.574743 0.0591035 0.0287612 0.0956407
4 0.440214 0.0349537 0.0285753 0.0687608
3 0.422273 0.618773 0.118211 0.512133 1
4 0.564818 0.0507148 0.0293588 0.0935847
4 0.478391 0.0360993 0.0246164 0.0689789
4 0.564362 0.0503074 0.0282136 0.0930189
4 0.480559 0.0359169 0.0237629 0.0681521
3 0.421897 0.618146 0.120019 0.513625 1
4 0.564176 0.0503979 0.0286446 0.0944106
4 0.481559 0.0361937 0.0233034 0.0686198
3 0.422197 0.617125 0.12088 0.513318 1
4 0.564546 0.0506196 0.0288816 0.0949558
4 0.481927 0.0362101 0.0233335 0.0684434
4 0.563367 0.0534696 0.0295275 0.0904282
4 0.48295 0.0375908 0.023539 0.0710328
3 0.422138 0.617809 0.11961 0.51339 1
4 0.561748 0.0523327 0.0257864 0.0892663
4 0.485223 0.0380105 0.0221939 0.0686627
3 0.422977 0.620908 0.117549 0.526398
4 0.561206 0.053084 0.0258045 0.0887993
4 0.48718 0.0373281 0.0233521 0.0703197
0 0.0221825 0.0494779 0.028844 0.0846556
3 0.423853 0.619207 0.116748 0.526366
4 0.560691 0.0545632 0.0268572 0.090422
3 0.42457 0.619396 0.115301 0.526754
4 0.560719 0.0540845 0.0267934 0.0906216
0 0.0237396 0.0499145 0.0255791 0.0802567
4 0.487818 0.037655 0.0234685 0.0691425
4 0.559664 0.055625 0.0252529 0.0877387
3 0.424522 0.620531 0.114918 0.52334
4 0.560508 0.051445 0.0266596 0.0884417
3 0.425384 0.620348 0.111358 0.519768
4 0.424663 0.623035 0.111913 0.514752
4 0.560285 0.0522854 0.0285061 0.0841868
3 0.426173 0.621225 0.108211 0.518085
4 0.425007 0.62359 0.110435 0.517081
4 0.558543 0.0513338 0.0254616 0.0839455
3 0.427459 0.624703 0.107835 0.521728
4 0.426163 0.627345 0.10974 0.516255
4 0.558336 0.0507871 0.0298822 0.0847831
4 0.50012 0.0367495 0.0242216 0.0650835
4 0.558144 0.0511201 0.0309177 0.0858245
4 0.500594 0.0372583 0.0241196 0.0662328
3 0.427815 0.624789 0.107549 0.522611
4 0.42623 0.627198 0.110002 0.518744
4 0.557756 0.0508785 0.0311746 0.0861555
4 0.501479 0.0374527 0.0231023 0.0664536
3 0.428371 0.627004 0.106641 0.526373
4 0.426413 0.628227 0.109964 0.521967
4 0.556541 0.0530638 0.0258833 0.0858745
4 0.553922 0.0530769 0.0230807 0.0834574
4 0.505139 0.0401716 0.0231329 0.0690715
4 0.426095 0.627266 0.109272 0.525828
3 0.428471 0.626814 0.105586 0.529126
4 0.553165 0.0528066 0.0224293 0.0833527
4 0.506314 0.0400741 0.0235311 0.0685088
4 0.425465 0.626218 0.109633 0.526817
3 0.427901 0.625536 0.106029 0.529255
4 0.552683 0.0526878 0.0224611 0.0838535
4 0.508322 0.0398486 0.0240786 0.0718883
3 0.427378 0.628429 0.108562 0.532409
4 0.42543 0.62939 0.111287 0.53005
4 0.551716 0.0514512 0.0212922 0.0831772
4 0.509592 0.0390463 0.0250793 0.0733066
4 0.55028 0.0504543 0.0231342 0.0860129
4 0.509427 0.0402063 0.0244436 0.0727501
3 0.428395 0.626413 0.105846 0.527863
4 0.425774 0.627617 0.109959 0.525888
4 0.550045 0.0508376 0.0229534 0.0865506
4 0.511184 0.0397665 0.0227316 0.0721355
3 0.426849 0.630618 0.111399 0.52702
4 0.425274 0.630047 0.11131 0.525359
4 0.549034 0.0505189 0.0237568 0.0862109
4 0.512133 0.0389902 0.0227077 0.0738281
0 0.0507379 0.0433916 0.0292665 0.0767152
4 0.424629 0.630084 0.111967 0.526532
3 0.428223 0.628683 0.106338 0.530678
4 0.548166 0.0492466 0.023864 0.0850661
4 0.512032 0.0388482 0.021524 0.0719075
0 0.0502103 0.0430308 0.0277649 0.0754176
4 0.512516 0.0396385 0.0210596 0.0739378
4 0.546426 0.049167 0.0255106 0.0850438
0 0.0501915 0.0438681 0.0259855 0.0721371
3 0.42923 0.629313 0.104546 0.529441
4 0.424947 0.631595 0.111681 0.525358
4 0.54567 0.0492526 0.0244335 0.0817237
4 0.512437 0.0405723 0.0212193 0.0751509
0 0.0502179 0.0434698 0.0240173 0.0716246
3 0.425411 0.631231 0.112375 0.532566
4 0.424519 0.632542 0.112041 0.522784
4 0.544174 0.0496438 0.0253177 0.0805215
4 0.513466 0.0410566 0.0212765 0.0753523
0 0.0495293 0.0433973 0.0242226 0.0719698
3 0.42488 0.629231 0.112328 0.529891
4 0.424416 0.630582 0.111309 0.519557
4 0.54264 0.0482245 0.0257863 0.0811423
0 0.0491241 0.0426563 0.0249545 0.0724296
4 0.51525 0.0406035 0.0233128 0.0751097
4 0.535561 0.0467013 0.026374 0.0805531
4 0.518034 0.0428411 0.0234606 0.0778606
3 0.424614 0.628764 0.11306 0.526135
4 0.533262 0.0457342 0.0279739 0.081397
4 0.519157 0.0420728 0.0241362 0.0791885
3 0.425092 0.628131 0.111834 0.521355
4 0.532184 0.0457266 0.0289058 0.0828405
4 0.523179 0.0430825 0.0268757 0.0802414
3 0.427441 0.627018 0.107036 0.519294
4 0.42586 0.631657 0.108589 0.513387
4 0.530453 0.0458985 0.0303317 0.0774983
4 0.523637 0.0432922 0.0278709 0.081383
3 0.428551 0.6267 0.104856 0.522428
4 0.426477 0.630835 0.107426 0.518608
4 0.522487 0.0434973 0.0269429 0.0849357
4 0.523252 0.0444108 0.0273571 0.0829075
3 0.42916 0.626948 0.103508 0.524772
4 0.427062 0.631039 0.106034 0.52226
4 0.524338 0.0444344 0.0274618 0.0825212
3 0.425737 0.629116 0.108644 0.523992
4 0.426419 0.631773 0.108073 0.530255
4 0.522988 0.0437817 0.0261329 0.0830517
3 0.426317 0.628848 0.107198 0.52952
4 0.426919 0.630688 0.106782 0.534673
4 0.52484 0.0444628 0.0285487 0.0889255
4 0.524602 0.0434183 0.0298203 0.0841306
3 0.427706 0.627675 0.104211 0.526899
4 0.428213 0.629529 0.104086 0.533678
4 0.524659 0.0437949 0.0300531 0.0848779
3 0.427656 0.625451 0.104684 0.523311
4 0.428228 0.62792 0.104504 0.530678
4 0.523678 0.0445719 0.0292011 0.0826325
3 0.428159 0.626038 0.103938 0.526194
4 0.42863 0.628195 0.103967 0.533336
4 0.521643 0.0450845 0.0288181 0.0856175
4 0.521594 0.0451651 0.0280733 0.0835783
3 0.42807 0.625163 0.104068 0.522888
4 0.428559 0.627626 0.10407 0.530086
4 0.519478 0.044527 0.0266312 0.079484
3 0.428288 0.625253 0.103565 0.52122
4 0.428701 0.627832 0.103819 0.528081
4 0.518704 0.0453059 0.0266662 0.0822532
3 0.428967 0.624423 0.102534 0.516221
4 0.429914 0.625582 0.102941 0.520829
4 0.516741 0.0427031 0.0255014 0.0772202
3 0.429015 0.624935 0.102188 0.515259
4 0.429983 0.625865 0.102645 0.52035
4 0.513572 0.0419199 0.0239231 0.077645
3 0.428352 0.625768 0.103333 0.517666
4 0.429418 0.626654 0.103413 0.522491
4 0.515607 0.0430984 0.0256163 0.0796291
4 0.51515 0.043691 0.0274132 0.0822035
3 0.427353 0.627193 0.104996 0.514521
4 0.428327 0.628581 0.103595 0.515987
4 0.508493 0.0423985 0.0260853 0.0781197
4 0.508002 0.0432551 0.0269762 0.0751604
3 0.426654 0.626802 0.106396 0.516566
4 0.427392 0.62973 0.105888 0.52336
4 0.505946 0.0421529 0.0264141 0.0774865
3 0.424908 0.628644 0.112175 0.531845
4 0.424852 0.629686 0.110827 0.531762
3 0.422918 0.628393 0.116715 0.534059
4 0.496084 0.0396339 0.0236272 0.0707897
4 0.495694 0.0382932 0.0239295 0.069894
3 0.422864 0.624703 0.116729 0.533538 1
4 0.49447 0.038818 0.0245092 0.0713957
4 0.528926 0.0447973 0.0257065 0.0805141
3 0.420564 0.625969 0.12124 0.536187 1
4 0.528856 0.0452083 0.0237795 0.0789085
4 0.492937 0.0382189 0.0238194 0.0689339
3 0.418377 0.624218 0.124182 0.527753 1
4 0.492599 0.0396718 0.0238838 0.0701375
4 0.530213 0.0446884 0.0236931 0.0795162
3 0.413532 0.625199 0.134 0.530029 1
4 0.492039 0.039236 0.024699 0.0717742
4 0.529864 0.0443494 0.02604 0.0840628
4 0.489774 0.0392249 0.0245397 0.0723081
3 0.416476 0.624377 0.127114 0.526599 1
4 0.452313 0.0325586 0.0259314 0.0651172
4 0.52884 0.0439987 0.0257781 0.0841482
3 0.41831 0.622992 0.124159 0.522321 1
4 0.528916 0.0414207 0.0229168 0.071185
4 0.528915 0.0412884 0.0229877 0.07169
3 0.418953 0.622988 0.124707 0.543739 1
4 0.528807 0.041408 0.023102 0.0712643
4 0.528935 0.0413474 0.0230803 0.0712559
3 0.418906 0.622023 0.124234 0.543187 1
4 0.528902 0.0411043 0.0232004 0.07141
3 0.419563 0.62216 0.124306 0.540895 1
4 0.528834 0.0408765 0.0233218 0.0713066
4 0.528957 0.0406167 0.0234631 0.0713999
4 0.528911 0.0406922 0.0231338 0.0717044
3 0.418848 0.62202 0.126079 0.540813 1
4 0.528938 0.0406063 0.0233184 0.0721763
